track_name,race_date,race_time,going,distance,horse_name,jockey,claims,trainer,race_position,lost_by_length,age,weight,rating,first_place_found,batch_number,url_index_in_batch
Navan Racing Results | 20th January 2024 12:45,N/A,12:45,Soft To Heavy,2m,Just Three (IRE),J G Gilligan,7,P J Gilligan,5th,6 l,7,11-2h,-,True,99,1
Navan Racing Results | 20th January 2024 12:45,N/A,12:45,Soft To Heavy,2m,Release The Beast (IRE),S W Flanagan,0,P Nolan,4th,4 1/4 l,5,11-2,-,True,99,1
Navan Racing Results | 20th January 2024 12:45,N/A,12:45,Soft To Heavy,2m,Fiveonefive (IRE),D J Gilligan,5,C Collins,3rd,10 l,6,11-4,-,True,99,1
Navan Racing Results | 20th January 2024 12:45,N/A,12:45,Soft To Heavy,2m,Better Days Ahead (IRE),J W Kennedy,0,G Elliott,2nd,10 l,6,11-13t,-,True,99,1
Navan Racing Results | 20th January 2024 12:45,N/A,12:45,Soft To Heavy,2m,Asian Master (IRE),Mr T Costello,7,W P Mullins,1st,N/A,7,11-5,-,True,99,1
Navan Racing Results | 20th January 2024 12:45,N/A,12:45,Soft To Heavy,2m,Just Three (IRE),J G Gilligan,7,P J Gilligan,5th,6 l,7,11-2h,-,True,99,1
Navan Racing Results | 20th January 2024 12:45,N/A,12:45,Soft To Heavy,2m,Release The Beast (IRE),S W Flanagan,0,P Nolan,4th,4 1/4 l,5,11-2,-,True,99,1
Navan Racing Results | 20th January 2024 12:45,N/A,12:45,Soft To Heavy,2m,Fiveonefive (IRE),D J Gilligan,5,C Collins,3rd,10 l,6,11-4,-,True,99,1
Navan Racing Results | 20th January 2024 12:45,N/A,12:45,Soft To Heavy,2m,Better Days Ahead (IRE),J W Kennedy,0,G Elliott,2nd,10 l,6,11-13t,-,True,99,1
Navan Racing Results | 20th January 2024 12:45,N/A,12:45,Soft To Heavy,2m,Asian Master (IRE),Mr T Costello,7,W P Mullins,1st,N/A,7,11-5,-,True,99,1
Navan Racing Results | 20th January 2024 13:20,N/A,13:20,Soft To Heavy,2m 4f,Kings Hill (IRE),D J Gilligan,5,P J Gilligan,NR,N/A,5,11-12,-,True,99,2
Navan Racing Results | 20th January 2024 13:20,N/A,13:20,Soft To Heavy,2m 4f,University Of Life,M J Molloy,0,H Smyth,NR,N/A,6,11-12,-,True,99,2
Navan Racing Results | 20th January 2024 13:20,N/A,13:20,Soft To Heavy,2m 4f,Citizen Dan (IRE),S D Torrens,0,J C McConnell,PU,N/A,7,11-12,-,True,99,2
Navan Racing Results | 20th January 2024 13:20,N/A,13:20,Soft To Heavy,2m 4f,Chance Another One (IRE),A P Kelly,5,S M Duffy,PU,N/A,5,11-12,-,True,99,2
Navan Racing Results | 20th January 2024 13:20,N/A,13:20,Soft To Heavy,2m 4f,Fenway Park (IRE),K M Donoghue,0,G P Cromwell,PU,N/A,5,11-12,-,True,99,2
Navan Racing Results | 20th January 2024 13:20,N/A,13:20,Soft To Heavy,2m 4f,Crooked Tannie (IRE),S W Flanagan,0,C Collins,9th,19 l,5,11-12,-,True,99,2
Navan Racing Results | 20th January 2024 13:20,N/A,13:20,Soft To Heavy,2m 4f,Carsons Dreamboat (IRE),Sam Ewing,0,G Elliott,8th,50 l,5,11-5,-,True,99,2
Navan Racing Results | 20th January 2024 13:20,N/A,13:20,Soft To Heavy,2m 4f,The Story So Far (IRE),P Byrnes,5,C Byrnes,7th,17 l,6,11-12,-,True,99,2
Navan Racing Results | 20th January 2024 13:20,N/A,13:20,Soft To Heavy,2m 4f,Monsant (IRE),Sarah Kavanagh,7,Colm Murphy,6th,6 l,6,11-12,-,True,99,2
Navan Racing Results | 20th January 2024 13:20,N/A,13:20,Soft To Heavy,2m 4f,Killaney King (IRE),Rachael Blackmore,0,H De Bromhead,5th,Neck,6,11-12,-,True,99,2
Navan Racing Results | 20th January 2024 13:20,N/A,13:20,Soft To Heavy,2m 4f,Chosen Witness (IRE),D E Mullins,0,W P Mullins,4th,46 l,7,11-12t1,-,True,99,2
Navan Racing Results | 20th January 2024 13:20,N/A,13:20,Soft To Heavy,2m 4f,Park The Giant (IRE),B Hayes,0,P Fenton,3rd,9 l,6,11-12,-,True,99,2
Navan Racing Results | 20th January 2024 13:20,N/A,13:20,Soft To Heavy,2m 4f,Dr Eggman (FR),P Townend,0,W P Mullins,2nd,1/2 l,6,11-12,-,True,99,2
Navan Racing Results | 20th January 2024 13:20,N/A,13:20,Soft To Heavy,2m 4f,My Trump Card (IRE),J W Kennedy,0,G Elliott,1st,N/A,6,11-12,-,True,99,2
Navan Racing Results | 20th January 2024 13:20,N/A,13:20,Soft To Heavy,2m 4f,Kings Hill (IRE),D J Gilligan,5,P J Gilligan,NR,N/A,5,11-12,-,True,99,2
Navan Racing Results | 20th January 2024 13:20,N/A,13:20,Soft To Heavy,2m 4f,University Of Life,M J Molloy,0,H Smyth,NR,N/A,6,11-12,-,True,99,2
Navan Racing Results | 20th January 2024 13:20,N/A,13:20,Soft To Heavy,2m 4f,Citizen Dan (IRE),S D Torrens,0,J C McConnell,PU,N/A,7,11-12,-,True,99,2
Navan Racing Results | 20th January 2024 13:20,N/A,13:20,Soft To Heavy,2m 4f,Chance Another One (IRE),A P Kelly,5,S M Duffy,PU,N/A,5,11-12,-,True,99,2
Navan Racing Results | 20th January 2024 13:20,N/A,13:20,Soft To Heavy,2m 4f,Fenway Park (IRE),K M Donoghue,0,G P Cromwell,PU,N/A,5,11-12,-,True,99,2
Navan Racing Results | 20th January 2024 13:20,N/A,13:20,Soft To Heavy,2m 4f,Crooked Tannie (IRE),S W Flanagan,0,C Collins,9th,19 l,5,11-12,-,True,99,2
Navan Racing Results | 20th January 2024 13:20,N/A,13:20,Soft To Heavy,2m 4f,Carsons Dreamboat (IRE),Sam Ewing,0,G Elliott,8th,50 l,5,11-5,-,True,99,2
Navan Racing Results | 20th January 2024 13:20,N/A,13:20,Soft To Heavy,2m 4f,The Story So Far (IRE),P Byrnes,5,C Byrnes,7th,17 l,6,11-12,-,True,99,2
Navan Racing Results | 20th January 2024 13:20,N/A,13:20,Soft To Heavy,2m 4f,Monsant (IRE),Sarah Kavanagh,7,Colm Murphy,6th,6 l,6,11-12,-,True,99,2
Navan Racing Results | 20th January 2024 13:20,N/A,13:20,Soft To Heavy,2m 4f,Killaney King (IRE),Rachael Blackmore,0,H De Bromhead,5th,Neck,6,11-12,-,True,99,2
Navan Racing Results | 20th January 2024 13:20,N/A,13:20,Soft To Heavy,2m 4f,Chosen Witness (IRE),D E Mullins,0,W P Mullins,4th,46 l,7,11-12t1,-,True,99,2
Navan Racing Results | 20th January 2024 13:20,N/A,13:20,Soft To Heavy,2m 4f,Park The Giant (IRE),B Hayes,0,P Fenton,3rd,9 l,6,11-12,-,True,99,2
Navan Racing Results | 20th January 2024 13:20,N/A,13:20,Soft To Heavy,2m 4f,Dr Eggman (FR),P Townend,0,W P Mullins,2nd,1/2 l,6,11-12,-,True,99,2
Navan Racing Results | 20th January 2024 13:20,N/A,13:20,Soft To Heavy,2m 4f,My Trump Card (IRE),J W Kennedy,0,G Elliott,1st,N/A,6,11-12,-,True,99,2
Navan Racing Results | 20th January 2024 13:55,N/A,13:55,Soft To Heavy,2m 4f,Zoffanien (IRE),D King,3,D Hogan,NR,N/A,7,11-4,123,True,99,3
Navan Racing Results | 20th January 2024 13:55,N/A,13:55,Soft To Heavy,2m 4f,Rodaniche (IRE),Sam Ewing,0,G Elliott,PU,N/A,7,11-2,121,True,99,3
Navan Racing Results | 20th January 2024 13:55,N/A,13:55,Soft To Heavy,2m 4f,Catch The Beast (IRE),P T Enright,0,E Cawley,PU,N/A,6,11-3,122,True,99,3
Navan Racing Results | 20th January 2024 13:55,N/A,13:55,Soft To Heavy,2m 4f,Itswhatunitesus (IRE),K E Buckley,0,H Rogers,9th,36 l,7,11-7,126,True,99,3
Navan Racing Results | 20th January 2024 13:55,N/A,13:55,Soft To Heavy,2m 4f,Drumbear,B W Harvey,0,J C McConnell,8th,21 l,8,11-6ht,125,True,99,3
Navan Racing Results | 20th January 2024 13:55,N/A,13:55,Soft To Heavy,2m 4f,Capilano Bridge (IRE),C G O'Dwyer,5,C O'Dwyer,7th,8 l,9,11-10,129,True,99,3
Navan Racing Results | 20th January 2024 13:55,N/A,13:55,Soft To Heavy,2m 4f,Lord Erskine (IRE),J J Slevin,0,H Rogers,6th,2 1/2 l,11,11-2b,121,True,99,3
Navan Racing Results | 20th January 2024 13:55,N/A,13:55,Soft To Heavy,2m 4f,Make Good (IRE),A P Kelly,5,S Crawley,5th,7 l,9,11-10tp,129,True,99,3
Navan Racing Results | 20th January 2024 13:55,N/A,13:55,Soft To Heavy,2m 4f,Talk In The Park (IRE),D E Mullins,0,Ms M Mullins,4th,22 l,6,10-8,113,True,99,3
Navan Racing Results | 20th January 2024 13:55,N/A,13:55,Soft To Heavy,2m 4f,Fortunedefortunata (IRE),J W Kennedy,0,G Elliott,3rd,4 3/4 l,7,11-10,129,True,99,3
Navan Racing Results | 20th January 2024 13:55,N/A,13:55,Soft To Heavy,2m 4f,Kilbree Warrior (IRE),D J O'Keeffe,0,O McKiernan,2nd,3/4 l,9,10-11tb,116,True,99,3
Navan Racing Results | 20th January 2024 13:55,N/A,13:55,Soft To Heavy,2m 4f,Harvard Guy,M P Walsh,0,E & P Harty,1st,N/A,6,11-12,131,True,99,3
Navan Racing Results | 20th January 2024 13:55,N/A,13:55,Soft To Heavy,2m 4f,Zoffanien (IRE),D King,3,D Hogan,NR,N/A,7,11-4,123,True,99,3
Navan Racing Results | 20th January 2024 13:55,N/A,13:55,Soft To Heavy,2m 4f,Rodaniche (IRE),Sam Ewing,0,G Elliott,PU,N/A,7,11-2,121,True,99,3
Navan Racing Results | 20th January 2024 13:55,N/A,13:55,Soft To Heavy,2m 4f,Catch The Beast (IRE),P T Enright,0,E Cawley,PU,N/A,6,11-3,122,True,99,3
Navan Racing Results | 20th January 2024 13:55,N/A,13:55,Soft To Heavy,2m 4f,Itswhatunitesus (IRE),K E Buckley,0,H Rogers,9th,36 l,7,11-7,126,True,99,3
Navan Racing Results | 20th January 2024 13:55,N/A,13:55,Soft To Heavy,2m 4f,Drumbear,B W Harvey,0,J C McConnell,8th,21 l,8,11-6ht,125,True,99,3
Navan Racing Results | 20th January 2024 13:55,N/A,13:55,Soft To Heavy,2m 4f,Capilano Bridge (IRE),C G O'Dwyer,5,C O'Dwyer,7th,8 l,9,11-10,129,True,99,3
Navan Racing Results | 20th January 2024 13:55,N/A,13:55,Soft To Heavy,2m 4f,Lord Erskine (IRE),J J Slevin,0,H Rogers,6th,2 1/2 l,11,11-2b,121,True,99,3
Navan Racing Results | 20th January 2024 13:55,N/A,13:55,Soft To Heavy,2m 4f,Make Good (IRE),A P Kelly,5,S Crawley,5th,7 l,9,11-10tp,129,True,99,3
Navan Racing Results | 20th January 2024 13:55,N/A,13:55,Soft To Heavy,2m 4f,Talk In The Park (IRE),D E Mullins,0,Ms M Mullins,4th,22 l,6,10-8,113,True,99,3
Navan Racing Results | 20th January 2024 13:55,N/A,13:55,Soft To Heavy,2m 4f,Fortunedefortunata (IRE),J W Kennedy,0,G Elliott,3rd,4 3/4 l,7,11-10,129,True,99,3
Navan Racing Results | 20th January 2024 13:55,N/A,13:55,Soft To Heavy,2m 4f,Kilbree Warrior (IRE),D J O'Keeffe,0,O McKiernan,2nd,3/4 l,9,10-11tb,116,True,99,3
Navan Racing Results | 20th January 2024 13:55,N/A,13:55,Soft To Heavy,2m 4f,Harvard Guy,M P Walsh,0,E & P Harty,1st,N/A,6,11-12,131,True,99,3
Navan Racing Results | 20th January 2024 14:30,N/A,14:30,Soft To Heavy,2m 4f,Ebenezer Scrooge (IRE),D J Gilligan,5,G Elliott,NR,N/A,7,11-13t,108,True,99,4
Navan Racing Results | 20th January 2024 14:30,N/A,14:30,Soft To Heavy,2m 4f,Penny Jar (IRE),P M O'Brien,7,P Downey,NR,N/A,8,12-0tp,109,True,99,4
Navan Racing Results | 20th January 2024 14:30,N/A,14:30,Soft To Heavy,2m 4f,Welsh Saint (FR),A P Heskin,0,C A McBratney,NR,N/A,10,11-10p,105,True,99,4
Navan Racing Results | 20th January 2024 14:30,N/A,14:30,Soft To Heavy,2m 4f,Golden Nugget (IRE),J W Kennedy,0,G Elliott,NR,N/A,5,11-0,95,True,99,4
Navan Racing Results | 20th January 2024 14:30,N/A,14:30,Soft To Heavy,2m 4f,Zeeband (IRE),J G Gilligan,7,P J Gilligan,NR,N/A,7,11-5t,100,True,99,4
Navan Racing Results | 20th January 2024 14:30,N/A,14:30,Soft To Heavy,2m 4f,Chosen Diamond (IRE),S F O'Keeffe,0,E Cawley,F,N/A,8,10-11p,92,True,99,4
Navan Racing Results | 20th January 2024 14:30,N/A,14:30,Soft To Heavy,2m 4f,Uppertown Mya (IRE),S D Torrens,0,P J Rothwell,13th,23 l,9,10-0tp,81,True,99,4
Navan Racing Results | 20th January 2024 14:30,N/A,14:30,Soft To Heavy,2m 4f,Benkei (IRE),Rachael Blackmore,0,H Rogers,12th,23 l,14,11-2p,97,True,99,4
Navan Racing Results | 20th January 2024 14:30,N/A,14:30,Soft To Heavy,2m 4f,Elle Dorado Rock (IRE),J J Slevin,0,A J Martin,11th,3 l,6,10-5t,86,True,99,4
Navan Racing Results | 20th January 2024 14:30,N/A,14:30,Soft To Heavy,2m 4f,Yulong Voice,S Fitzgerald,0,S Nolan,10th,2 1/4 l,7,11-6t,101,True,99,4
Navan Racing Results | 20th January 2024 14:30,N/A,14:30,Soft To Heavy,2m 4f,Final Endeavour (IRE),C G O'Dwyer,5,H Rogers,9th,15 l,8,10-4t,85,True,99,4
Navan Racing Results | 20th January 2024 14:30,N/A,14:30,Soft To Heavy,2m 4f,Run For Harry (IRE),D Meyler,0,Mrs G Callaghan,8th,5 l,6,12-0,109,True,99,4
Navan Racing Results | 20th January 2024 14:30,N/A,14:30,Soft To Heavy,2m 4f,Quite Incredible (IRE),Niall Moore,7,D A McLoughlin,7th,19 l,8,11-13,108,True,99,4
Navan Racing Results | 20th January 2024 14:30,N/A,14:30,Soft To Heavy,2m 4f,Nazine (IRE),M M McDonagh,3,M J McDonagh,6th,3 1/2 l,7,11-0b,95,True,99,4
Navan Racing Results | 20th January 2024 14:30,N/A,14:30,Soft To Heavy,2m 4f,Lucky Two (IRE),M P O'Connor,3,T Gibney,5th,1/2 l,8,10-6,87,True,99,4
Navan Racing Results | 20th January 2024 14:30,N/A,14:30,Soft To Heavy,2m 4f,Mighty Jeremy (IRE),D J O'Keeffe,0,Liam G O'brien,4th,2 1/2 l,10,11-10ht,105,True,99,4
Navan Racing Results | 20th January 2024 14:30,N/A,14:30,Soft To Heavy,2m 4f,Clonbury Bridge (IRE),K M Donoghue,0,J P Dempsey,3rd,9 l,8,11-6tb,101,True,99,4
Navan Racing Results | 20th January 2024 14:30,N/A,14:30,Soft To Heavy,2m 4f,All For Rachel (IRE),P T Enright,0,O McKiernan,2nd,9 l,7,11-11,106,True,99,4
Navan Racing Results | 20th January 2024 14:30,N/A,14:30,Soft To Heavy,2m 4f,Butty O Brien (IRE),E Walsh,0,P Magee,1st,N/A,8,11-2,97,True,99,4
Navan Racing Results | 20th January 2024 14:30,N/A,14:30,Soft To Heavy,2m 4f,Ebenezer Scrooge (IRE),D J Gilligan,5,G Elliott,NR,N/A,7,11-13t,108,True,99,4
Navan Racing Results | 20th January 2024 14:30,N/A,14:30,Soft To Heavy,2m 4f,Penny Jar (IRE),P M O'Brien,7,P Downey,NR,N/A,8,12-0tp,109,True,99,4
Navan Racing Results | 20th January 2024 14:30,N/A,14:30,Soft To Heavy,2m 4f,Welsh Saint (FR),A P Heskin,0,C A McBratney,NR,N/A,10,11-10p,105,True,99,4
Navan Racing Results | 20th January 2024 14:30,N/A,14:30,Soft To Heavy,2m 4f,Golden Nugget (IRE),J W Kennedy,0,G Elliott,NR,N/A,5,11-0,95,True,99,4
Navan Racing Results | 20th January 2024 14:30,N/A,14:30,Soft To Heavy,2m 4f,Zeeband (IRE),J G Gilligan,7,P J Gilligan,NR,N/A,7,11-5t,100,True,99,4
Navan Racing Results | 20th January 2024 14:30,N/A,14:30,Soft To Heavy,2m 4f,Chosen Diamond (IRE),S F O'Keeffe,0,E Cawley,F,N/A,8,10-11p,92,True,99,4
Navan Racing Results | 20th January 2024 14:30,N/A,14:30,Soft To Heavy,2m 4f,Uppertown Mya (IRE),S D Torrens,0,P J Rothwell,13th,23 l,9,10-0tp,81,True,99,4
Navan Racing Results | 20th January 2024 14:30,N/A,14:30,Soft To Heavy,2m 4f,Benkei (IRE),Rachael Blackmore,0,H Rogers,12th,23 l,14,11-2p,97,True,99,4
Navan Racing Results | 20th January 2024 14:30,N/A,14:30,Soft To Heavy,2m 4f,Elle Dorado Rock (IRE),J J Slevin,0,A J Martin,11th,3 l,6,10-5t,86,True,99,4
Navan Racing Results | 20th January 2024 14:30,N/A,14:30,Soft To Heavy,2m 4f,Yulong Voice,S Fitzgerald,0,S Nolan,10th,2 1/4 l,7,11-6t,101,True,99,4
Navan Racing Results | 20th January 2024 14:30,N/A,14:30,Soft To Heavy,2m 4f,Final Endeavour (IRE),C G O'Dwyer,5,H Rogers,9th,15 l,8,10-4t,85,True,99,4
Navan Racing Results | 20th January 2024 14:30,N/A,14:30,Soft To Heavy,2m 4f,Run For Harry (IRE),D Meyler,0,Mrs G Callaghan,8th,5 l,6,12-0,109,True,99,4
Navan Racing Results | 20th January 2024 14:30,N/A,14:30,Soft To Heavy,2m 4f,Quite Incredible (IRE),Niall Moore,7,D A McLoughlin,7th,19 l,8,11-13,108,True,99,4
Navan Racing Results | 20th January 2024 14:30,N/A,14:30,Soft To Heavy,2m 4f,Nazine (IRE),M M McDonagh,3,M J McDonagh,6th,3 1/2 l,7,11-0b,95,True,99,4
Navan Racing Results | 20th January 2024 14:30,N/A,14:30,Soft To Heavy,2m 4f,Lucky Two (IRE),M P O'Connor,3,T Gibney,5th,1/2 l,8,10-6,87,True,99,4
Navan Racing Results | 20th January 2024 14:30,N/A,14:30,Soft To Heavy,2m 4f,Mighty Jeremy (IRE),D J O'Keeffe,0,Liam G O'brien,4th,2 1/2 l,10,11-10ht,105,True,99,4
Navan Racing Results | 20th January 2024 14:30,N/A,14:30,Soft To Heavy,2m 4f,Clonbury Bridge (IRE),K M Donoghue,0,J P Dempsey,3rd,9 l,8,11-6tb,101,True,99,4
Navan Racing Results | 20th January 2024 14:30,N/A,14:30,Soft To Heavy,2m 4f,All For Rachel (IRE),P T Enright,0,O McKiernan,2nd,9 l,7,11-11,106,True,99,4
Navan Racing Results | 20th January 2024 14:30,N/A,14:30,Soft To Heavy,2m 4f,Butty O Brien (IRE),E Walsh,0,P Magee,1st,N/A,8,11-2,97,True,99,4
Navan Racing Results | 20th January 2024 15:05,N/A,15:05,Soft To Heavy,3m,Grand Soir (FR),B W Harvey,0,J C McConnell,NR,N/A,8,11-12,-,True,99,5
Navan Racing Results | 20th January 2024 15:05,N/A,15:05,Soft To Heavy,3m,Sandor Clegane (IRE),S F O'Keeffe,0,P Nolan,NR,N/A,7,11-12t1,-,True,99,5
Navan Racing Results | 20th January 2024 15:05,N/A,15:05,Soft To Heavy,3m,Landrake,J W Kennedy,0,G Elliott,PU,N/A,7,11-12,-,True,99,5
Navan Racing Results | 20th January 2024 15:05,N/A,15:05,Soft To Heavy,3m,Klarc Kent (FR),B Hayes,0,W P Mullins,F,N/A,8,11-12,-,True,99,5
Navan Racing Results | 20th January 2024 15:05,N/A,15:05,Soft To Heavy,3m,Digby (IRE),Mr D McGill,7,D A McLoughlin,4th,41 l,9,11-12,-,True,99,5
Navan Racing Results | 20th January 2024 15:05,N/A,15:05,Soft To Heavy,3m,My Immortal (IRE),M J M O'Sullivan,0,B Connell,3rd,16 l,8,11-12p,-,True,99,5
Navan Racing Results | 20th January 2024 15:05,N/A,15:05,Soft To Heavy,3m,Senior Chief,Rachael Blackmore,0,H De Bromhead,2nd,2 3/4 l,7,11-12,-,True,99,5
Navan Racing Results | 20th January 2024 15:05,N/A,15:05,Soft To Heavy,3m,Minella Cocooner (IRE),P Townend,0,W P Mullins,1st,N/A,8,11-12,-,True,99,5
Navan Racing Results | 20th January 2024 15:05,N/A,15:05,Soft To Heavy,3m,Grand Soir (FR),B W Harvey,0,J C McConnell,NR,N/A,8,11-12,-,True,99,5
Navan Racing Results | 20th January 2024 15:05,N/A,15:05,Soft To Heavy,3m,Sandor Clegane (IRE),S F O'Keeffe,0,P Nolan,NR,N/A,7,11-12t1,-,True,99,5
Navan Racing Results | 20th January 2024 15:05,N/A,15:05,Soft To Heavy,3m,Landrake,J W Kennedy,0,G Elliott,PU,N/A,7,11-12,-,True,99,5
Navan Racing Results | 20th January 2024 15:05,N/A,15:05,Soft To Heavy,3m,Klarc Kent (FR),B Hayes,0,W P Mullins,F,N/A,8,11-12,-,True,99,5
Navan Racing Results | 20th January 2024 15:05,N/A,15:05,Soft To Heavy,3m,Digby (IRE),Mr D McGill,7,D A McLoughlin,4th,41 l,9,11-12,-,True,99,5
Navan Racing Results | 20th January 2024 15:05,N/A,15:05,Soft To Heavy,3m,My Immortal (IRE),M J M O'Sullivan,0,B Connell,3rd,16 l,8,11-12p,-,True,99,5
Navan Racing Results | 20th January 2024 15:05,N/A,15:05,Soft To Heavy,3m,Senior Chief,Rachael Blackmore,0,H De Bromhead,2nd,2 3/4 l,7,11-12,-,True,99,5
Navan Racing Results | 20th January 2024 15:05,N/A,15:05,Soft To Heavy,3m,Minella Cocooner (IRE),P Townend,0,W P Mullins,1st,N/A,8,11-12,-,True,99,5
Navan Racing Results | 20th January 2024 15:42,N/A,15:42,Soft To Heavy,3m,One Horse Army (IRE),P T Smithers,7,P Roche,PU,N/A,7,11-2,90,True,99,6
Navan Racing Results | 20th January 2024 15:42,N/A,15:42,Soft To Heavy,3m,Diegos Way (IRE),E Walsh,0,C Collins,PU,N/A,11,11-7p,95,True,99,6
Navan Racing Results | 20th January 2024 15:42,N/A,15:42,Soft To Heavy,3m,Ballydangan (IRE),Mr A Harvey,7,D Harvey,PU,N/A,7,11-0p1,88,True,99,6
Navan Racing Results | 20th January 2024 15:42,N/A,15:42,Soft To Heavy,3m,Hot As Pepper (IRE),B W Harvey,0,J C McConnell,PU,N/A,8,11-8tp1,96,True,99,6
Navan Racing Results | 20th January 2024 15:42,N/A,15:42,Soft To Heavy,3m,Eagle Terrace,Mr D McGill,7,N C Kelly,PU,N/A,6,12-0tp,102,True,99,6
Navan Racing Results | 20th January 2024 15:42,N/A,15:42,Soft To Heavy,3m,Carrolls Cottage (IRE),Niall Moore,7,P Fenton,PU,N/A,8,12-0,102,True,99,6
Navan Racing Results | 20th January 2024 15:42,N/A,15:42,Soft To Heavy,3m,Hutchie (IRE),J J Slevin,0,Stephen Gerard Carey,PU,N/A,8,11-8,96,True,99,6
Navan Racing Results | 20th January 2024 15:42,N/A,15:42,Soft To Heavy,3m,Rochestown (IRE),D J O'Keeffe,0,Brendan Walsh,6th,18 l,9,11-9,97,True,99,6
Navan Racing Results | 20th January 2024 15:42,N/A,15:42,Soft To Heavy,3m,Mahler Appeal (IRE),D E Mullins,0,G J Power,5th,4 3/4 l,8,11-0p,88,True,99,6
Navan Racing Results | 20th January 2024 15:42,N/A,15:42,Soft To Heavy,3m,Tangental (IRE),B Hayes,0,Colm Murphy,4th,1 1/2 l,8,10-9,83,True,99,6
Navan Racing Results | 20th January 2024 15:42,N/A,15:42,Soft To Heavy,3m,Fox Le Bel (FR),A P Kelly,5,Liz Doyle,3rd,6 l,9,10-12tb,86,True,99,6
Navan Racing Results | 20th January 2024 15:42,N/A,15:42,Soft To Heavy,3m,Starlight Cato (IRE),D King,3,D Howard,2nd,3 l,7,10-9,83,True,99,6
Navan Racing Results | 20th January 2024 15:42,N/A,15:42,Soft To Heavy,3m,St Denis's Well (IRE),J W Kennedy,0,Ian Donoghue,1st,N/A,6,11-3t,91,True,99,6
Navan Racing Results | 20th January 2024 15:42,N/A,15:42,Soft To Heavy,3m,One Horse Army (IRE),P T Smithers,7,P Roche,PU,N/A,7,11-2,90,True,99,6
Navan Racing Results | 20th January 2024 15:42,N/A,15:42,Soft To Heavy,3m,Diegos Way (IRE),E Walsh,0,C Collins,PU,N/A,11,11-7p,95,True,99,6
Navan Racing Results | 20th January 2024 15:42,N/A,15:42,Soft To Heavy,3m,Ballydangan (IRE),Mr A Harvey,7,D Harvey,PU,N/A,7,11-0p1,88,True,99,6
Navan Racing Results | 20th January 2024 15:42,N/A,15:42,Soft To Heavy,3m,Hot As Pepper (IRE),B W Harvey,0,J C McConnell,PU,N/A,8,11-8tp1,96,True,99,6
Navan Racing Results | 20th January 2024 15:42,N/A,15:42,Soft To Heavy,3m,Eagle Terrace,Mr D McGill,7,N C Kelly,PU,N/A,6,12-0tp,102,True,99,6
Navan Racing Results | 20th January 2024 15:42,N/A,15:42,Soft To Heavy,3m,Carrolls Cottage (IRE),Niall Moore,7,P Fenton,PU,N/A,8,12-0,102,True,99,6
Navan Racing Results | 20th January 2024 15:42,N/A,15:42,Soft To Heavy,3m,Hutchie (IRE),J J Slevin,0,Stephen Gerard Carey,PU,N/A,8,11-8,96,True,99,6
Navan Racing Results | 20th January 2024 15:42,N/A,15:42,Soft To Heavy,3m,Rochestown (IRE),D J O'Keeffe,0,Brendan Walsh,6th,18 l,9,11-9,97,True,99,6
Navan Racing Results | 20th January 2024 15:42,N/A,15:42,Soft To Heavy,3m,Mahler Appeal (IRE),D E Mullins,0,G J Power,5th,4 3/4 l,8,11-0p,88,True,99,6
Navan Racing Results | 20th January 2024 15:42,N/A,15:42,Soft To Heavy,3m,Tangental (IRE),B Hayes,0,Colm Murphy,4th,1 1/2 l,8,10-9,83,True,99,6
Navan Racing Results | 20th January 2024 15:42,N/A,15:42,Soft To Heavy,3m,Fox Le Bel (FR),A P Kelly,5,Liz Doyle,3rd,6 l,9,10-12tb,86,True,99,6
Navan Racing Results | 20th January 2024 15:42,N/A,15:42,Soft To Heavy,3m,Starlight Cato (IRE),D King,3,D Howard,2nd,3 l,7,10-9,83,True,99,6
Navan Racing Results | 20th January 2024 15:42,N/A,15:42,Soft To Heavy,3m,St Denis's Well (IRE),J W Kennedy,0,Ian Donoghue,1st,N/A,6,11-3t,91,True,99,6
Navan Racing Results | 20th January 2024 16:15,N/A,16:15,Soft To Heavy  Flat (Turf),2m,Ivybrook (FR),,0,D A McLoughlin,NR,N/A,6,12-0,-,True,99,7
Navan Racing Results | 20th January 2024 16:15,N/A,16:15,Soft To Heavy  Flat (Turf),2m,Lough Owel (IRE),Mr J H Williamson,7,G Elliott,NR,N/A,6,12-0,-,True,99,7
Navan Racing Results | 20th January 2024 16:15,N/A,16:15,Soft To Heavy  Flat (Turf),2m,Mr Bezi (IRE),Mr R L Payne,7,D Hogan,6th,9 l,6,12-0,-,True,99,7
Navan Racing Results | 20th January 2024 16:15,N/A,16:15,Soft To Heavy  Flat (Turf),2m,Trim Castle (IRE),Mr H C Swan,5,G Elliott,5th,4 l,5,12-0,-,True,99,7
Navan Racing Results | 20th January 2024 16:15,N/A,16:15,Soft To Heavy  Flat (Turf),2m,Champagne Venture (IRE),Mr J C Barry,3,D Broad,4th,1 3/4 l,5,11-7,-,True,99,7
Navan Racing Results | 20th January 2024 16:15,N/A,16:15,Soft To Heavy  Flat (Turf),2m,Good Deal (IRE),Mr E Finegan,7,P Magee,3rd,12 l,5,12-0,-,True,99,7
Navan Racing Results | 20th January 2024 16:15,N/A,16:15,Soft To Heavy  Flat (Turf),2m,C'est Ta Chance (FR),Mr P W Mullins,0,W P Mullins,2nd,Short Head,5,12-0,-,True,99,7
Navan Racing Results | 20th January 2024 16:15,N/A,16:15,Soft To Heavy  Flat (Turf),2m,William Munny (IRE),Mr F Maguire,0,B Connell,1st,N/A,6,12-0,-,True,99,7
Navan Racing Results | 20th January 2024 16:15,N/A,16:15,Soft To Heavy  Flat (Turf),2m,Ivybrook (FR),,0,D A McLoughlin,NR,N/A,6,12-0,-,True,99,7
Navan Racing Results | 20th January 2024 16:15,N/A,16:15,Soft To Heavy  Flat (Turf),2m,Lough Owel (IRE),Mr J H Williamson,7,G Elliott,NR,N/A,6,12-0,-,True,99,7
Navan Racing Results | 20th January 2024 16:15,N/A,16:15,Soft To Heavy  Flat (Turf),2m,Mr Bezi (IRE),Mr R L Payne,7,D Hogan,6th,9 l,6,12-0,-,True,99,7
Navan Racing Results | 20th January 2024 16:15,N/A,16:15,Soft To Heavy  Flat (Turf),2m,Trim Castle (IRE),Mr H C Swan,5,G Elliott,5th,4 l,5,12-0,-,True,99,7
Navan Racing Results | 20th January 2024 16:15,N/A,16:15,Soft To Heavy  Flat (Turf),2m,Champagne Venture (IRE),Mr J C Barry,3,D Broad,4th,1 3/4 l,5,11-7,-,True,99,7
Navan Racing Results | 20th January 2024 16:15,N/A,16:15,Soft To Heavy  Flat (Turf),2m,Good Deal (IRE),Mr E Finegan,7,P Magee,3rd,12 l,5,12-0,-,True,99,7
Navan Racing Results | 20th January 2024 16:15,N/A,16:15,Soft To Heavy  Flat (Turf),2m,C'est Ta Chance (FR),Mr P W Mullins,0,W P Mullins,2nd,Short Head,5,12-0,-,True,99,7
Navan Racing Results | 20th January 2024 16:15,N/A,16:15,Soft To Heavy  Flat (Turf),2m,William Munny (IRE),Mr F Maguire,0,B Connell,1st,N/A,6,12-0,-,True,99,7
Thurles Racing Results | 21st January 2024 13:05,N/A,13:05,Soft (Yielding In Places),2m 4f 35y,Kilashee (IRE),S F O'Keeffe,0,J P Ryan,PU,N/A,9,10-12,-,True,99,9
Thurles Racing Results | 21st January 2024 13:05,N/A,13:05,Soft (Yielding In Places),2m 4f 35y,More Info (IRE),D King,0,D Hogan,5th,99 l,9,10-12,-,True,99,9
Thurles Racing Results | 21st January 2024 13:05,N/A,13:05,Soft (Yielding In Places),2m 4f 35y,Law Ella (IRE),S W Flanagan,0,G P Cromwell,4th,2 3/4 l,7,10-12t,-,True,99,9
Thurles Racing Results | 21st January 2024 13:05,N/A,13:05,Soft (Yielding In Places),2m 4f 35y,Silent Approach (IRE),D E Mullins,0,C O'Keeffe,3rd,8 l,6,11-3,-,True,99,9
Thurles Racing Results | 21st January 2024 13:05,N/A,13:05,Soft (Yielding In Places),2m 4f 35y,Hauturiere (FR),P Townend,0,W P Mullins,2nd,1 1/2 l,7,11-3,-,True,99,9
Thurles Racing Results | 21st January 2024 13:05,N/A,13:05,Soft (Yielding In Places),2m 4f 35y,Harmonya Maker (FR),J W Kennedy,0,G Elliott,1st,N/A,7,10-12,-,True,99,9
Thurles Racing Results | 21st January 2024 13:05,N/A,13:05,Soft (Yielding In Places),2m 4f 35y,Kilashee (IRE),S F O'Keeffe,0,J P Ryan,PU,N/A,9,10-12,-,True,99,9
Thurles Racing Results | 21st January 2024 13:05,N/A,13:05,Soft (Yielding In Places),2m 4f 35y,More Info (IRE),D King,0,D Hogan,5th,99 l,9,10-12,-,True,99,9
Thurles Racing Results | 21st January 2024 13:05,N/A,13:05,Soft (Yielding In Places),2m 4f 35y,Law Ella (IRE),S W Flanagan,0,G P Cromwell,4th,2 3/4 l,7,10-12t,-,True,99,9
Thurles Racing Results | 21st January 2024 13:05,N/A,13:05,Soft (Yielding In Places),2m 4f 35y,Silent Approach (IRE),D E Mullins,0,C O'Keeffe,3rd,8 l,6,11-3,-,True,99,9
Thurles Racing Results | 21st January 2024 13:05,N/A,13:05,Soft (Yielding In Places),2m 4f 35y,Hauturiere (FR),P Townend,0,W P Mullins,2nd,1 1/2 l,7,11-3,-,True,99,9
Thurles Racing Results | 21st January 2024 13:05,N/A,13:05,Soft (Yielding In Places),2m 4f 35y,Harmonya Maker (FR),J W Kennedy,0,G Elliott,1st,N/A,7,10-12,-,True,99,9
Thurles Racing Results | 21st January 2024 13:35,N/A,13:35,Soft,2m 4f 35y,Envoi Allen (FR),Rachael Blackmore,0,H De Bromhead,NR,N/A,10,11-12t,-,True,99,10
Thurles Racing Results | 21st January 2024 13:35,N/A,13:35,Soft,2m 4f 35y,Capodanno (FR),M P Walsh,0,W P Mullins,NR,N/A,8,11-3t,-,True,99,10
Thurles Racing Results | 21st January 2024 13:35,N/A,13:35,Soft,2m 4f 35y,French Dynamite (FR),D J O'Keeffe,0,M F Morris,4th,83 l,9,11-3tp,-,True,99,10
Thurles Racing Results | 21st January 2024 13:35,N/A,13:35,Soft,2m 4f 35y,Appreciate It (IRE),D E Mullins,0,W P Mullins,3rd,11 l,10,11-3t,-,True,99,10
Thurles Racing Results | 21st January 2024 13:35,N/A,13:35,Soft,2m 4f 35y,Stattler (IRE),B Hayes,0,W P Mullins,2nd,13 l,9,11-3t,-,True,99,10
Thurles Racing Results | 21st January 2024 13:35,N/A,13:35,Soft,2m 4f 35y,Allaho (FR),P Townend,0,W P Mullins,1st,N/A,10,11-8t,-,True,99,10
Thurles Racing Results | 21st January 2024 13:35,N/A,13:35,Soft,2m 4f 35y,Envoi Allen (FR),Rachael Blackmore,0,H De Bromhead,NR,N/A,10,11-12t,-,True,99,10
Thurles Racing Results | 21st January 2024 13:35,N/A,13:35,Soft,2m 4f 35y,Capodanno (FR),M P Walsh,0,W P Mullins,NR,N/A,8,11-3t,-,True,99,10
Thurles Racing Results | 21st January 2024 13:35,N/A,13:35,Soft,2m 4f 35y,French Dynamite (FR),D J O'Keeffe,0,M F Morris,4th,83 l,9,11-3tp,-,True,99,10
Thurles Racing Results | 21st January 2024 13:35,N/A,13:35,Soft,2m 4f 35y,Appreciate It (IRE),D E Mullins,0,W P Mullins,3rd,11 l,10,11-3t,-,True,99,10
Thurles Racing Results | 21st January 2024 13:35,N/A,13:35,Soft,2m 4f 35y,Stattler (IRE),B Hayes,0,W P Mullins,2nd,13 l,9,11-3t,-,True,99,10
Thurles Racing Results | 21st January 2024 13:35,N/A,13:35,Soft,2m 4f 35y,Allaho (FR),P Townend,0,W P Mullins,1st,N/A,10,11-8t,-,True,99,10
Thurles Racing Results | 21st January 2024 14:45,N/A,14:45,Soft,2m 6f 110y,Mollys Glory (IRE),M J M O'Sullivan,0,M C Grassick,NR,N/A,9,10-12t,-,True,99,12
Thurles Racing Results | 21st January 2024 14:45,N/A,14:45,Soft,2m 6f 110y,Sequestered (IRE),J G Gilligan,7,P J Gilligan,4th,18 l,6,11-10,-,True,99,12
Thurles Racing Results | 21st January 2024 14:45,N/A,14:45,Soft,2m 6f 110y,What Path (FR),D E Mullins,0,W P Mullins,3rd,3/4 l,7,11-10,-,True,99,12
Thurles Racing Results | 21st January 2024 14:45,N/A,14:45,Soft,2m 6f 110y,Easy Fella (IRE),Rachael Blackmore,0,H De Bromhead,2nd,1 3/4 l,7,11-10p,-,True,99,12
Thurles Racing Results | 21st January 2024 14:45,N/A,14:45,Soft,2m 6f 110y,High Class Hero,P Townend,0,W P Mullins,1st,N/A,7,11-10,-,True,99,12
Thurles Racing Results | 21st January 2024 14:45,N/A,14:45,Soft,2m 6f 110y,Mollys Glory (IRE),M J M O'Sullivan,0,M C Grassick,NR,N/A,9,10-12t,-,True,99,12
Thurles Racing Results | 21st January 2024 14:45,N/A,14:45,Soft,2m 6f 110y,Sequestered (IRE),J G Gilligan,7,P J Gilligan,4th,18 l,6,11-10,-,True,99,12
Thurles Racing Results | 21st January 2024 14:45,N/A,14:45,Soft,2m 6f 110y,What Path (FR),D E Mullins,0,W P Mullins,3rd,3/4 l,7,11-10,-,True,99,12
Thurles Racing Results | 21st January 2024 14:45,N/A,14:45,Soft,2m 6f 110y,Easy Fella (IRE),Rachael Blackmore,0,H De Bromhead,2nd,1 3/4 l,7,11-10p,-,True,99,12
Thurles Racing Results | 21st January 2024 14:45,N/A,14:45,Soft,2m 6f 110y,High Class Hero,P Townend,0,W P Mullins,1st,N/A,7,11-10,-,True,99,12
Thurles Racing Results | 21st January 2024 15:20,N/A,15:20,Soft,1m 7f 132y,Cougar (JPN),A P Kelly,5,P Roche,NR,N/A,5,11-7,123,True,99,13
Thurles Racing Results | 21st January 2024 15:20,N/A,15:20,Soft,1m 7f 132y,Yulong Voice,Non Runner,0,S Nolan,NR,N/A,7,10-0t,102,True,99,13
Thurles Racing Results | 21st January 2024 15:20,N/A,15:20,Soft,1m 7f 132y,Clonshire River (IRE),R A Doyle,0,E & P Harty,NR,N/A,7,10-12,114,True,99,13
Thurles Racing Results | 21st January 2024 15:20,N/A,15:20,Soft,1m 7f 132y,Marvel Fan (FR),D Meyler,0,A J Martin,NR,N/A,8,10-7t,109,True,99,13
Thurles Racing Results | 21st January 2024 15:20,N/A,15:20,Soft,1m 7f 132y,Senecia (IRE),P T Enright,0,V Halley,PU,N/A,7,11-12,128,True,99,13
Thurles Racing Results | 21st January 2024 15:20,N/A,15:20,Soft,1m 7f 132y,Intent Approach (IRE),M P Walsh,0,C Byrnes,F,N/A,5,10-7,109,True,99,13
Thurles Racing Results | 21st January 2024 15:20,N/A,15:20,Soft,1m 7f 132y,Cerberus,J S McGarvey,0,A Leahy,6th,31 l,8,10-10p,112,True,99,13
Thurles Racing Results | 21st January 2024 15:20,N/A,15:20,Soft,1m 7f 132y,Mercury Mission,D J O'Keeffe,0,M J O'Connor,5th,22 l,5,10-7,109,True,99,13
Thurles Racing Results | 21st January 2024 15:20,N/A,15:20,Soft,1m 7f 132y,Doctor Parnassus (IRE),D E Mullins,0,R O'Brien,4th,8 l,6,10-9,111,True,99,13
Thurles Racing Results | 21st January 2024 15:20,N/A,15:20,Soft,1m 7f 132y,Zoffanien (IRE),D King,3,D Hogan,3rd,2 l,7,11-7,123,True,99,13
Thurles Racing Results | 21st January 2024 15:20,N/A,15:20,Soft,1m 7f 132y,Pakens Rock (IRE),R P Geoghegan,7,B T Murphy,2nd,4 3/4 l,11,11-4,120,True,99,13
Thurles Racing Results | 21st January 2024 15:20,N/A,15:20,Soft,1m 7f 132y,Little Mixup (IRE),M M McDonagh,3,D Hogan,1st,N/A,7,11-2,118,True,99,13
Thurles Racing Results | 21st January 2024 15:20,N/A,15:20,Soft,1m 7f 132y,Cougar (JPN),A P Kelly,5,P Roche,NR,N/A,5,11-7,123,True,99,13
Thurles Racing Results | 21st January 2024 15:20,N/A,15:20,Soft,1m 7f 132y,Yulong Voice,Non Runner,0,S Nolan,NR,N/A,7,10-0t,102,True,99,13
Thurles Racing Results | 21st January 2024 15:20,N/A,15:20,Soft,1m 7f 132y,Clonshire River (IRE),R A Doyle,0,E & P Harty,NR,N/A,7,10-12,114,True,99,13
Thurles Racing Results | 21st January 2024 15:20,N/A,15:20,Soft,1m 7f 132y,Marvel Fan (FR),D Meyler,0,A J Martin,NR,N/A,8,10-7t,109,True,99,13
Thurles Racing Results | 21st January 2024 15:20,N/A,15:20,Soft,1m 7f 132y,Senecia (IRE),P T Enright,0,V Halley,PU,N/A,7,11-12,128,True,99,13
Thurles Racing Results | 21st January 2024 15:20,N/A,15:20,Soft,1m 7f 132y,Intent Approach (IRE),M P Walsh,0,C Byrnes,F,N/A,5,10-7,109,True,99,13
Thurles Racing Results | 21st January 2024 15:20,N/A,15:20,Soft,1m 7f 132y,Cerberus,J S McGarvey,0,A Leahy,6th,31 l,8,10-10p,112,True,99,13
Thurles Racing Results | 21st January 2024 15:20,N/A,15:20,Soft,1m 7f 132y,Mercury Mission,D J O'Keeffe,0,M J O'Connor,5th,22 l,5,10-7,109,True,99,13
Thurles Racing Results | 21st January 2024 15:20,N/A,15:20,Soft,1m 7f 132y,Doctor Parnassus (IRE),D E Mullins,0,R O'Brien,4th,8 l,6,10-9,111,True,99,13
Thurles Racing Results | 21st January 2024 15:20,N/A,15:20,Soft,1m 7f 132y,Zoffanien (IRE),D King,3,D Hogan,3rd,2 l,7,11-7,123,True,99,13
Thurles Racing Results | 21st January 2024 15:20,N/A,15:20,Soft,1m 7f 132y,Pakens Rock (IRE),R P Geoghegan,7,B T Murphy,2nd,4 3/4 l,11,11-4,120,True,99,13
Thurles Racing Results | 21st January 2024 15:20,N/A,15:20,Soft,1m 7f 132y,Little Mixup (IRE),M M McDonagh,3,D Hogan,1st,N/A,7,11-2,118,True,99,13
Thurles Racing Results | 21st January 2024 15:55,N/A,15:55,Soft,3m 123y,Stranger Danger (IRE),Mr R A Berry,7,C Bowe,UR,N/A,9,11-7,-,True,99,14
Thurles Racing Results | 21st January 2024 15:55,N/A,15:55,Soft,3m 123y,Grange Island (IRE),Mr M J O'Connor,0,W J Burke,PU,N/A,8,12-0p,-,True,99,14
Thurles Racing Results | 21st January 2024 15:55,N/A,15:55,Soft,3m 123y,Electric Dreamer (IRE),Mr H C Swan,5,W J Burke,PU,N/A,6,11-0,-,True,99,14
Thurles Racing Results | 21st January 2024 15:55,N/A,15:55,Soft,3m 123y,Maid On The Moon,Ms H Phillips,7,Miss E Lalor,PU,N/A,7,11-0,-,True,99,14
Thurles Racing Results | 21st January 2024 15:55,N/A,15:55,Soft,3m 123y,Nice To Meet (IRE),Mr T Power Roche,7,M J O'Connor,PU,N/A,8,11-11p,-,True,99,14
Thurles Racing Results | 21st January 2024 15:55,N/A,15:55,Soft,3m 123y,Boss Robin (IRE),Mr C J Shine,7,J F Gleeson,5th,14 l,8,11-7,-,True,99,14
Thurles Racing Results | 21st January 2024 15:55,N/A,15:55,Soft,3m 123y,Hardline (IRE),Mr J H Williamson,7,G Elliott,4th,17 l,12,11-7,-,True,99,14
Thurles Racing Results | 21st January 2024 15:55,N/A,15:55,Soft,3m 123y,Wowsham (IRE),Mr S Connor,7,S R B Crawford,3rd,5 1/2 l,9,11-7,-,True,99,14
Thurles Racing Results | 21st January 2024 15:55,N/A,15:55,Soft,3m 123y,Romeo Magico (IRE),Mr D McGill,7,E Mullins,2nd,8 l,6,11-11,-,True,99,14
Thurles Racing Results | 21st January 2024 15:55,N/A,15:55,Soft,3m 123y,Ferns Lock,Mr B O'Neill,0,D M Christie,1st,N/A,7,12-0t,-,True,99,14
Thurles Racing Results | 21st January 2024 15:55,N/A,15:55,Soft,3m 123y,Stranger Danger (IRE),Mr R A Berry,7,C Bowe,UR,N/A,9,11-7,-,True,99,14
Thurles Racing Results | 21st January 2024 15:55,N/A,15:55,Soft,3m 123y,Grange Island (IRE),Mr M J O'Connor,0,W J Burke,PU,N/A,8,12-0p,-,True,99,14
Thurles Racing Results | 21st January 2024 15:55,N/A,15:55,Soft,3m 123y,Electric Dreamer (IRE),Mr H C Swan,5,W J Burke,PU,N/A,6,11-0,-,True,99,14
Thurles Racing Results | 21st January 2024 15:55,N/A,15:55,Soft,3m 123y,Maid On The Moon,Ms H Phillips,7,Miss E Lalor,PU,N/A,7,11-0,-,True,99,14
Thurles Racing Results | 21st January 2024 15:55,N/A,15:55,Soft,3m 123y,Nice To Meet (IRE),Mr T Power Roche,7,M J O'Connor,PU,N/A,8,11-11p,-,True,99,14
Thurles Racing Results | 21st January 2024 15:55,N/A,15:55,Soft,3m 123y,Boss Robin (IRE),Mr C J Shine,7,J F Gleeson,5th,14 l,8,11-7,-,True,99,14
Thurles Racing Results | 21st January 2024 15:55,N/A,15:55,Soft,3m 123y,Hardline (IRE),Mr J H Williamson,7,G Elliott,4th,17 l,12,11-7,-,True,99,14
Thurles Racing Results | 21st January 2024 15:55,N/A,15:55,Soft,3m 123y,Wowsham (IRE),Mr S Connor,7,S R B Crawford,3rd,5 1/2 l,9,11-7,-,True,99,14
Thurles Racing Results | 21st January 2024 15:55,N/A,15:55,Soft,3m 123y,Romeo Magico (IRE),Mr D McGill,7,E Mullins,2nd,8 l,6,11-11,-,True,99,14
Thurles Racing Results | 21st January 2024 15:55,N/A,15:55,Soft,3m 123y,Ferns Lock,Mr B O'Neill,0,D M Christie,1st,N/A,7,12-0t,-,True,99,14
N/A,N/A,12:40,Soft,2m 1f 33y,Mister Vic (IRE),J S McGarvey,0,N C Kelly,NR,N/A,6,11-4t,-,True,99,15
N/A,N/A,12:40,Soft,2m 1f 33y,Ragmans Corner (IRE),R A Doyle,0,G Keane,NR,N/A,5,11-4,-,True,99,15
N/A,N/A,12:40,Soft,2m 1f 33y,Pay The Tab (IRE),Sam Ewing,0,G Elliott,NR,N/A,5,11-4,-,True,99,15
N/A,N/A,12:40,Soft,2m 1f 33y,University Of Life,M J Molloy,7,H Smyth,PU,N/A,6,11-4,-,True,99,15
N/A,N/A,12:40,Soft,2m 1f 33y,Beer With The Boys,P Byrnes,5,H D McGuigan,10th,36 l,9,11-12t,-,True,99,15
N/A,N/A,12:40,Soft,2m 1f 33y,Supreme Authority (FR),D A Jacob,0,S R B Crawford,9th,36 l,5,11-4t,-,True,99,15
N/A,N/A,12:40,Soft,2m 1f 33y,Kinbara Firstdraft (IRE),J J Slevin,0,S R B Crawford,8th,2 3/4 l,5,11-4,-,True,99,15
N/A,N/A,12:40,Soft,2m 1f 33y,Desperado Genie (IRE),T P Harney,7,C Collins,7th,3 1/4 l,6,10-11,-,True,99,15
N/A,N/A,12:40,Soft,2m 1f 33y,Battle Roar (IRE),E Walsh,0,Ciaran Murphy,6th,6 l,5,11-4,-,True,99,15
N/A,N/A,12:40,Soft,2m 1f 33y,Paradise Lost (IRE),S D Torrens,0,C O'Brien,5th,3 l,5,11-4,-,True,99,15
N/A,N/A,12:40,Soft,2m 1f 33y,Reve Inoui (IRE),D E Mullins,0,J P Flavin,4th,17 l,6,11-4,-,True,99,15
N/A,N/A,12:40,Soft,2m 1f 33y,An Peann Dearg (IRE),S W Flanagan,0,P Nolan,3rd,3/4 l,7,11-4t1,-,True,99,15
N/A,N/A,12:40,Soft,2m 1f 33y,Grooveykindoflove (FR),Rachael Blackmore,0,H De Bromhead,2nd,21 l,5,10-11,-,True,99,15
N/A,N/A,12:40,Soft,2m 1f 33y,Staffordshire Knot (IRE),J W Kennedy,0,G Elliott,1st,N/A,6,11-12,-,True,99,15
N/A,N/A,12:40,Soft,2m 1f 33y,Mister Vic (IRE),J S McGarvey,0,N C Kelly,NR,N/A,6,11-4t,-,True,99,15
N/A,N/A,12:40,Soft,2m 1f 33y,Ragmans Corner (IRE),R A Doyle,0,G Keane,NR,N/A,5,11-4,-,True,99,15
N/A,N/A,12:40,Soft,2m 1f 33y,Pay The Tab (IRE),Sam Ewing,0,G Elliott,NR,N/A,5,11-4,-,True,99,15
N/A,N/A,12:40,Soft,2m 1f 33y,University Of Life,M J Molloy,7,H Smyth,PU,N/A,6,11-4,-,True,99,15
N/A,N/A,12:40,Soft,2m 1f 33y,Beer With The Boys,P Byrnes,5,H D McGuigan,10th,36 l,9,11-12t,-,True,99,15
N/A,N/A,12:40,Soft,2m 1f 33y,Supreme Authority (FR),D A Jacob,0,S R B Crawford,9th,36 l,5,11-4t,-,True,99,15
N/A,N/A,12:40,Soft,2m 1f 33y,Kinbara Firstdraft (IRE),J J Slevin,0,S R B Crawford,8th,2 3/4 l,5,11-4,-,True,99,15
N/A,N/A,12:40,Soft,2m 1f 33y,Desperado Genie (IRE),T P Harney,7,C Collins,7th,3 1/4 l,6,10-11,-,True,99,15
N/A,N/A,12:40,Soft,2m 1f 33y,Battle Roar (IRE),E Walsh,0,Ciaran Murphy,6th,6 l,5,11-4,-,True,99,15
N/A,N/A,12:40,Soft,2m 1f 33y,Paradise Lost (IRE),S D Torrens,0,C O'Brien,5th,3 l,5,11-4,-,True,99,15
N/A,N/A,12:40,Soft,2m 1f 33y,Reve Inoui (IRE),D E Mullins,0,J P Flavin,4th,17 l,6,11-4,-,True,99,15
N/A,N/A,12:40,Soft,2m 1f 33y,An Peann Dearg (IRE),S W Flanagan,0,P Nolan,3rd,3/4 l,7,11-4t1,-,True,99,15
N/A,N/A,12:40,Soft,2m 1f 33y,Grooveykindoflove (FR),Rachael Blackmore,0,H De Bromhead,2nd,21 l,5,10-11,-,True,99,15
N/A,N/A,12:40,Soft,2m 1f 33y,Staffordshire Knot (IRE),J W Kennedy,0,G Elliott,1st,N/A,6,11-12,-,True,99,15
N/A,N/A,13:10,Soft,2m 1f 33y,Condesa (IRE),J J Slevin,0,S R B Crawford,NR,N/A,8,11-2t,-,True,99,16
N/A,N/A,13:10,Soft,2m 1f 33y,My Gaffer (IRE),D E Mullins,0,J P Ryan,NR,N/A,6,11-6,-,True,99,16
N/A,N/A,13:10,Soft,2m 1f 33y,Ah Remy Martin (IRE),K E Buckley,0,T Gibney,6th,31 l,6,11-1,-,True,99,16
N/A,N/A,13:10,Soft,2m 1f 33y,Soldante (IRE),E Walsh,0,Ciaran Murphy,5th,16 l,6,11-9t,-,True,99,16
N/A,N/A,13:10,Soft,2m 1f 33y,Joshua Des Flos (FR),D A Jacob,0,S R B Crawford,4th,6 1/2 l,6,12-0,-,True,99,16
N/A,N/A,13:10,Soft,2m 1f 33y,The Other Mozzie (IRE),K M Donoghue,0,G P Cromwell,3rd,5 1/2 l,5,12-0,-,True,99,16
N/A,N/A,13:10,Soft,2m 1f 33y,D Art D Art (FR),D Meyler,0,T Cooper,2nd,15 l,5,11-11,-,True,99,16
N/A,N/A,13:10,Soft,2m 1f 33y,Western Fold (IRE),J W Kennedy,0,G Elliott,1st,N/A,5,12-0,-,True,99,16
N/A,N/A,13:10,Soft,2m 1f 33y,Condesa (IRE),J J Slevin,0,S R B Crawford,NR,N/A,8,11-2t,-,True,99,16
N/A,N/A,13:10,Soft,2m 1f 33y,My Gaffer (IRE),D E Mullins,0,J P Ryan,NR,N/A,6,11-6,-,True,99,16
N/A,N/A,13:10,Soft,2m 1f 33y,Ah Remy Martin (IRE),K E Buckley,0,T Gibney,6th,31 l,6,11-1,-,True,99,16
N/A,N/A,13:10,Soft,2m 1f 33y,Soldante (IRE),E Walsh,0,Ciaran Murphy,5th,16 l,6,11-9t,-,True,99,16
N/A,N/A,13:10,Soft,2m 1f 33y,Joshua Des Flos (FR),D A Jacob,0,S R B Crawford,4th,6 1/2 l,6,12-0,-,True,99,16
N/A,N/A,13:10,Soft,2m 1f 33y,The Other Mozzie (IRE),K M Donoghue,0,G P Cromwell,3rd,5 1/2 l,5,12-0,-,True,99,16
N/A,N/A,13:10,Soft,2m 1f 33y,D Art D Art (FR),D Meyler,0,T Cooper,2nd,15 l,5,11-11,-,True,99,16
N/A,N/A,13:10,Soft,2m 1f 33y,Western Fold (IRE),J W Kennedy,0,G Elliott,1st,N/A,5,12-0,-,True,99,16
N/A,N/A,14:55,Soft,2m 115y,Rumoroso,S W Flanagan,0,C A McBratney,PU,N/A,9,11-3,-,True,99,19
N/A,N/A,14:55,Soft,2m 115y,Ivar The Boneless (IRE),D Meyler,0,R K Watson,7th,18 l,6,11-3ht,-,True,99,19
N/A,N/A,14:55,Soft,2m 115y,Hurricane Cliff (IRE),Rachael Blackmore,0,H De Bromhead,6th,18 l,8,11-6,-,True,99,19
N/A,N/A,14:55,Soft,2m 115y,Deployed (IRE),D J Gilligan,5,G Elliott,5th,4 l,10,11-3,-,True,99,19
N/A,N/A,14:55,Soft,2m 115y,Ask Anything (IRE),K M Donoghue,0,G P Cromwell,4th,5 l,6,11-12,-,True,99,19
N/A,N/A,14:55,Soft,2m 115y,Bleu D'enfer (FR),D A Jacob,0,S R B Crawford,3rd,3 3/4 l,6,11-5t,-,True,99,19
N/A,N/A,14:55,Soft,2m 115y,Captains Nephew (IRE),D J O'Keeffe,0,P J Rothwell,2nd,6 1/2 l,7,11-10t,-,True,99,19
N/A,N/A,14:55,Soft,2m 115y,Irish Blaze (IRE),C P Millar,7,C Collins,1st,N/A,8,11-11h,-,True,99,19
N/A,N/A,14:55,Soft,2m 115y,Rumoroso,S W Flanagan,0,C A McBratney,PU,N/A,9,11-3,-,True,99,19
N/A,N/A,14:55,Soft,2m 115y,Ivar The Boneless (IRE),D Meyler,0,R K Watson,7th,18 l,6,11-3ht,-,True,99,19
N/A,N/A,14:55,Soft,2m 115y,Hurricane Cliff (IRE),Rachael Blackmore,0,H De Bromhead,6th,18 l,8,11-6,-,True,99,19
N/A,N/A,14:55,Soft,2m 115y,Deployed (IRE),D J Gilligan,5,G Elliott,5th,4 l,10,11-3,-,True,99,19
N/A,N/A,14:55,Soft,2m 115y,Ask Anything (IRE),K M Donoghue,0,G P Cromwell,4th,5 l,6,11-12,-,True,99,19
N/A,N/A,14:55,Soft,2m 115y,Bleu D'enfer (FR),D A Jacob,0,S R B Crawford,3rd,3 3/4 l,6,11-5t,-,True,99,19
N/A,N/A,14:55,Soft,2m 115y,Captains Nephew (IRE),D J O'Keeffe,0,P J Rothwell,2nd,6 1/2 l,7,11-10t,-,True,99,19
N/A,N/A,14:55,Soft,2m 115y,Irish Blaze (IRE),C P Millar,7,C Collins,1st,N/A,8,11-11h,-,True,99,19
N/A,N/A,15:30,Soft,2m 4f 100y,Theblazen Queen (IRE),B P Kennedy,7,M O Quigley,PU,N/A,6,11-4p1,85,True,99,20
N/A,N/A,15:30,Soft,2m 4f 100y,Cullenwaine (IRE),S D Torrens,0,P J Rothwell,PU,N/A,6,11-4p,85,True,99,20
N/A,N/A,15:30,Soft,2m 4f 100y,Land Jet (IRE),S F O'Keeffe,0,Peter Maher,PU,N/A,8,11-4,85,True,99,20
N/A,N/A,15:30,Soft,2m 4f 100y,One Of Us Is Lying (IRE),J J Slevin,0,N McCluskey,PU,N/A,6,11-5t,86,True,99,20
N/A,N/A,15:30,Soft,2m 4f 100y,Rocconrockall (IRE),C Brassil,5,D Commins,PU,N/A,9,11-1tp,82,True,99,20
N/A,N/A,15:30,Soft,2m 4f 100y,Glen Ali (IRE),P M O'Brien,7,C O'Connell,9th,1 1/4 l,9,10-7,74,True,99,20
N/A,N/A,15:30,Soft,2m 4f 100y,Eltico (IRE),G Brouder,5,J H Black,8th,43 l,11,10-13t,80,True,99,20
N/A,N/A,15:30,Soft,2m 4f 100y,Da Big Fella (IRE),P J O'Hanlon,3,Eamon Courtney,7th,2 1/2 l,10,11-2p,83,True,99,20
N/A,N/A,15:30,Soft,2m 4f 100y,Ivane (FR),E Walsh,0,Ciaran Murphy,6th,3 3/4 l,6,11-6v1,87,True,99,20
N/A,N/A,15:30,Soft,2m 4f 100y,Finnians Row (IRE),M J Molloy,7,D A McLoughlin,5th,1/2 l,8,11-9tp,90,True,99,20
N/A,N/A,15:30,Soft,2m 4f 100y,I Don't Get It (IRE),J G Gilligan,7,N McCluskey,4th,16 l,10,11-0b,81,True,99,20
N/A,N/A,15:30,Soft,2m 4f 100y,Soldier Of Honour (IRE),G B Noonan,5,E McCarthy,3rd,Head,7,11-11p,92,True,99,20
N/A,N/A,15:30,Soft,2m 4f 100y,Monoxide,P Byrnes,5,N McCluskey,2nd,1 1/4 l,9,10-9tv1,76,True,99,20
N/A,N/A,15:30,Soft,2m 4f 100y,St Denis's Well (IRE),J W Kennedy,0,Ian Donoghue,1st,N/A,6,12-3t,98,True,99,20
N/A,N/A,15:30,Soft,2m 4f 100y,Theblazen Queen (IRE),B P Kennedy,7,M O Quigley,PU,N/A,6,11-4p1,85,True,99,20
N/A,N/A,15:30,Soft,2m 4f 100y,Cullenwaine (IRE),S D Torrens,0,P J Rothwell,PU,N/A,6,11-4p,85,True,99,20
N/A,N/A,15:30,Soft,2m 4f 100y,Land Jet (IRE),S F O'Keeffe,0,Peter Maher,PU,N/A,8,11-4,85,True,99,20
N/A,N/A,15:30,Soft,2m 4f 100y,One Of Us Is Lying (IRE),J J Slevin,0,N McCluskey,PU,N/A,6,11-5t,86,True,99,20
N/A,N/A,15:30,Soft,2m 4f 100y,Rocconrockall (IRE),C Brassil,5,D Commins,PU,N/A,9,11-1tp,82,True,99,20
N/A,N/A,15:30,Soft,2m 4f 100y,Glen Ali (IRE),P M O'Brien,7,C O'Connell,9th,1 1/4 l,9,10-7,74,True,99,20
N/A,N/A,15:30,Soft,2m 4f 100y,Eltico (IRE),G Brouder,5,J H Black,8th,43 l,11,10-13t,80,True,99,20
N/A,N/A,15:30,Soft,2m 4f 100y,Da Big Fella (IRE),P J O'Hanlon,3,Eamon Courtney,7th,2 1/2 l,10,11-2p,83,True,99,20
N/A,N/A,15:30,Soft,2m 4f 100y,Ivane (FR),E Walsh,0,Ciaran Murphy,6th,3 3/4 l,6,11-6v1,87,True,99,20
N/A,N/A,15:30,Soft,2m 4f 100y,Finnians Row (IRE),M J Molloy,7,D A McLoughlin,5th,1/2 l,8,11-9tp,90,True,99,20
N/A,N/A,15:30,Soft,2m 4f 100y,I Don't Get It (IRE),J G Gilligan,7,N McCluskey,4th,16 l,10,11-0b,81,True,99,20
N/A,N/A,15:30,Soft,2m 4f 100y,Soldier Of Honour (IRE),G B Noonan,5,E McCarthy,3rd,Head,7,11-11p,92,True,99,20
N/A,N/A,15:30,Soft,2m 4f 100y,Monoxide,P Byrnes,5,N McCluskey,2nd,1 1/4 l,9,10-9tv1,76,True,99,20
N/A,N/A,15:30,Soft,2m 4f 100y,St Denis's Well (IRE),J W Kennedy,0,Ian Donoghue,1st,N/A,6,12-3t,98,True,99,20
N/A,N/A,16:00,Soft,3m,Magnium (IRE),Sam Ewing,0,G Elliott,NR,N/A,11,10-7p,100,True,99,21
N/A,N/A,16:00,Soft,3m,Cala Di Volpe (FR),D Meyler,0,R K Watson,PU,N/A,9,10-9p,102,True,99,21
N/A,N/A,16:00,Soft,3m,History Of Fashion (IRE),R J Condon,5,P A Fahy,PU,N/A,10,12-0,121,True,99,21
N/A,N/A,16:00,Soft,3m,Fiveaftermidnight (IRE),P J O'Hanlon,3,P J Rothwell,5th,61 l,11,11-2b,109,True,99,21
N/A,N/A,16:00,Soft,3m,Young Dev (IRE),D King,3,D Hogan,4th,78 l,10,11-9,116,True,99,21
N/A,N/A,16:00,Soft,3m,Joshua Webb (IRE),L A McKenna,5,N Meade,3rd,3 3/4 l,9,11-11p,118,True,99,21
N/A,N/A,16:00,Soft,3m,Positive Thinker (IRE),Mr A P Ryan,7,M J McDonagh,2nd,2 1/4 l,7,11-10,117,True,99,21
N/A,N/A,16:00,Soft,3m,Daily Present (IRE),S F O'Keeffe,0,P Nolan,1st,N/A,7,11-13t1,120,True,99,21
N/A,N/A,16:00,Soft,3m,Magnium (IRE),Sam Ewing,0,G Elliott,NR,N/A,11,10-7p,100,True,99,21
N/A,N/A,16:00,Soft,3m,Cala Di Volpe (FR),D Meyler,0,R K Watson,PU,N/A,9,10-9p,102,True,99,21
N/A,N/A,16:00,Soft,3m,History Of Fashion (IRE),R J Condon,5,P A Fahy,PU,N/A,10,12-0,121,True,99,21
N/A,N/A,16:00,Soft,3m,Fiveaftermidnight (IRE),P J O'Hanlon,3,P J Rothwell,5th,61 l,11,11-2b,109,True,99,21
N/A,N/A,16:00,Soft,3m,Young Dev (IRE),D King,3,D Hogan,4th,78 l,10,11-9,116,True,99,21
N/A,N/A,16:00,Soft,3m,Joshua Webb (IRE),L A McKenna,5,N Meade,3rd,3 3/4 l,9,11-11p,118,True,99,21
N/A,N/A,16:00,Soft,3m,Positive Thinker (IRE),Mr A P Ryan,7,M J McDonagh,2nd,2 1/4 l,7,11-10,117,True,99,21
N/A,N/A,16:00,Soft,3m,Daily Present (IRE),S F O'Keeffe,0,P Nolan,1st,N/A,7,11-13t1,120,True,99,21
N/A,N/A,12:30,Heavy,2m 50y,Bleu D'enfer (FR),D A Jacob,0,S R B Crawford,NR,N/A,6,11-12t,-,True,99,22
N/A,N/A,12:30,Heavy,2m 50y,Men Of Dreams (IRE),R A Doyle,0,J F Levins,PU,N/A,6,11-12,-,True,99,22
N/A,N/A,12:30,Heavy,2m 50y,Sammy Smart,D J O'Keeffe,0,T Gibney,8th,21 l,8,11-12,-,True,99,22
N/A,N/A,12:30,Heavy,2m 50y,Je T'ai Porte (IRE),S Fitzgerald,0,G P Cromwell,7th,27 l,6,11-5h,-,True,99,22
N/A,N/A,12:30,Heavy,2m 50y,Dutch Schultz,K M Donoghue,0,G P Cromwell,6th,Neck,7,11-12,-,True,99,22
N/A,N/A,12:30,Heavy,2m 50y,Marelly (IRE),J P O'Sullivan,3,P J Rothwell,5th,11 l,7,11-12,-,True,99,22
N/A,N/A,12:30,Heavy,2m 50y,The Gradual Slope (IRE),M M McDonagh,3,S O O'Brien,4th,7 1/2 l,7,11-12p1,-,True,99,22
N/A,N/A,12:30,Heavy,2m 50y,Soldaro (IRE),C Stone-Walsh,5,G P Cromwell,3rd,4 l,6,11-5t,-,True,99,22
N/A,N/A,12:30,Heavy,2m 50y,Macdermott (FR),P Townend,0,W P Mullins,2nd,4 1/4 l,6,11-12,-,True,99,22
N/A,N/A,12:30,Heavy,2m 50y,Farmers Lodge (IRE),M J M O'Sullivan,0,B Connell,1st,N/A,8,11-12,-,True,99,22
N/A,N/A,12:30,Heavy,2m 50y,Bleu D'enfer (FR),D A Jacob,0,S R B Crawford,NR,N/A,6,11-12t,-,True,99,22
N/A,N/A,12:30,Heavy,2m 50y,Men Of Dreams (IRE),R A Doyle,0,J F Levins,PU,N/A,6,11-12,-,True,99,22
N/A,N/A,12:30,Heavy,2m 50y,Sammy Smart,D J O'Keeffe,0,T Gibney,8th,21 l,8,11-12,-,True,99,22
N/A,N/A,12:30,Heavy,2m 50y,Je T'ai Porte (IRE),S Fitzgerald,0,G P Cromwell,7th,27 l,6,11-5h,-,True,99,22
N/A,N/A,12:30,Heavy,2m 50y,Dutch Schultz,K M Donoghue,0,G P Cromwell,6th,Neck,7,11-12,-,True,99,22
N/A,N/A,12:30,Heavy,2m 50y,Marelly (IRE),J P O'Sullivan,3,P J Rothwell,5th,11 l,7,11-12,-,True,99,22
N/A,N/A,12:30,Heavy,2m 50y,The Gradual Slope (IRE),M M McDonagh,3,S O O'Brien,4th,7 1/2 l,7,11-12p1,-,True,99,22
N/A,N/A,12:30,Heavy,2m 50y,Soldaro (IRE),C Stone-Walsh,5,G P Cromwell,3rd,4 l,6,11-5t,-,True,99,22
N/A,N/A,12:30,Heavy,2m 50y,Macdermott (FR),P Townend,0,W P Mullins,2nd,4 1/4 l,6,11-12,-,True,99,22
N/A,N/A,12:30,Heavy,2m 50y,Farmers Lodge (IRE),M J M O'Sullivan,0,B Connell,1st,N/A,8,11-12,-,True,99,22
N/A,N/A,13:00,Heavy,2m 5f 50y,Soloman Lane,L A McKenna,5,M Hassett,PU,N/A,9,11-8,107,True,99,23
N/A,N/A,13:00,Heavy,2m 5f 50y,Shes Some Doll (IRE),D J O'Keeffe,0,T Gibney,PU,N/A,9,11-1t,100,True,99,23
N/A,N/A,13:00,Heavy,2m 5f 50y,Deadheat (FR),Mr N McParlan,0,S McParlan,PU,N/A,11,11-4,103,True,99,23
N/A,N/A,13:00,Heavy,2m 5f 50y,Weihnachts (IRE),S D Torrens,0,P J Rothwell,PU,N/A,10,11-1b1,100,True,99,23
N/A,N/A,13:00,Heavy,2m 5f 50y,Verdant Place (IRE),M P Walsh,0,Patrick T Foley,PU,N/A,6,12-0,113,True,99,23
N/A,N/A,13:00,Heavy,2m 5f 50y,De Lady In Red (IRE),M J M O'Sullivan,0,B Connell,4th,6 l,8,11-10t,109,True,99,23
N/A,N/A,13:00,Heavy,2m 5f 50y,Dancing Jeremy (IRE),D Meyler,0,James Andrew Fahey,3rd,9 l,9,11-8,107,True,99,23
N/A,N/A,13:00,Heavy,2m 5f 50y,Evies Vladimir (IRE),K M Donoghue,0,G P Cromwell,2nd,3 3/4 l,7,11-4p1,103,True,99,23
N/A,N/A,13:00,Heavy,2m 5f 50y,Bushmans Pass (IRE),P T Enright,0,O McKiernan,1st,N/A,8,11-4,103,True,99,23
N/A,N/A,13:00,Heavy,2m 5f 50y,Soloman Lane,L A McKenna,5,M Hassett,PU,N/A,9,11-8,107,True,99,23
N/A,N/A,13:00,Heavy,2m 5f 50y,Shes Some Doll (IRE),D J O'Keeffe,0,T Gibney,PU,N/A,9,11-1t,100,True,99,23
N/A,N/A,13:00,Heavy,2m 5f 50y,Deadheat (FR),Mr N McParlan,0,S McParlan,PU,N/A,11,11-4,103,True,99,23
N/A,N/A,13:00,Heavy,2m 5f 50y,Weihnachts (IRE),S D Torrens,0,P J Rothwell,PU,N/A,10,11-1b1,100,True,99,23
N/A,N/A,13:00,Heavy,2m 5f 50y,Verdant Place (IRE),M P Walsh,0,Patrick T Foley,PU,N/A,6,12-0,113,True,99,23
N/A,N/A,13:00,Heavy,2m 5f 50y,De Lady In Red (IRE),M J M O'Sullivan,0,B Connell,4th,6 l,8,11-10t,109,True,99,23
N/A,N/A,13:00,Heavy,2m 5f 50y,Dancing Jeremy (IRE),D Meyler,0,James Andrew Fahey,3rd,9 l,9,11-8,107,True,99,23
N/A,N/A,13:00,Heavy,2m 5f 50y,Evies Vladimir (IRE),K M Donoghue,0,G P Cromwell,2nd,3 3/4 l,7,11-4p1,103,True,99,23
N/A,N/A,13:00,Heavy,2m 5f 50y,Bushmans Pass (IRE),P T Enright,0,O McKiernan,1st,N/A,8,11-4,103,True,99,23
N/A,N/A,13:35,Heavy,2m 3f 210y,Binge Worthy (IRE),J W Kennedy,0,G Elliott,4th,51 l,6,11-12,-,True,99,24
N/A,N/A,13:35,Heavy,2m 3f 210y,Just Three (IRE),J G Gilligan,7,P J Gilligan,3rd,30 l,7,11-6,-,True,99,24
N/A,N/A,13:35,Heavy,2m 3f 210y,Glen Kiln (IRE),B Hayes,0,D H Kelly,2nd,3 1/2 l,5,11-6,-,True,99,24
N/A,N/A,13:35,Heavy,2m 3f 210y,Spread Boss Ted,P Townend,0,W P Mullins,1st,N/A,7,11-12,-,True,99,24
N/A,N/A,13:35,Heavy,2m 3f 210y,Binge Worthy (IRE),J W Kennedy,0,G Elliott,4th,51 l,6,11-12,-,True,99,24
N/A,N/A,13:35,Heavy,2m 3f 210y,Just Three (IRE),J G Gilligan,7,P J Gilligan,3rd,30 l,7,11-6,-,True,99,24
N/A,N/A,13:35,Heavy,2m 3f 210y,Glen Kiln (IRE),B Hayes,0,D H Kelly,2nd,3 1/2 l,5,11-6,-,True,99,24
N/A,N/A,13:35,Heavy,2m 3f 210y,Spread Boss Ted,P Townend,0,W P Mullins,1st,N/A,7,11-12,-,True,99,24
N/A,N/A,14:05,Heavy,2m,D B Cooper (IRE),J W Kennedy,0,G Elliott,PU,N/A,5,11-4,-,True,99,25
N/A,N/A,14:05,Heavy,2m,Darcy's Friend (IRE),A P Kelly,5,S M Duffy,PU,N/A,5,11-4,-,True,99,25
N/A,N/A,14:05,Heavy,2m,Hollies Choice (IRE),P T Enright,0,O McKiernan,PU,N/A,5,10-11h1,-,True,99,25
N/A,N/A,14:05,Heavy,2m,Boston Bongo (IRE),B Hayes,0,Barry J Fitzgerald,12th,30 l,5,11-4,-,True,99,25
N/A,N/A,14:05,Heavy,2m,Do The Math (IRE),K E Buckley,0,S Crawley,11th,9 l,5,11-4,-,True,99,25
N/A,N/A,14:05,Heavy,2m,Harveyshonor (IRE),D E Mullins,0,R Donohoe,10th,15 l,6,11-4,-,True,99,25
N/A,N/A,14:05,Heavy,2m,Shuil Na Tra (IRE),R P Geoghegan,7,N Lee,9th,9 1/2 l,6,11-4,-,True,99,25
N/A,N/A,14:05,Heavy,2m,Camino Mission (IRE),B P Kennedy,7,S Fahey,8th,1 1/2 l,6,11-4,-,True,99,25
N/A,N/A,14:05,Heavy,2m,Del Girl (IRE),S F O'Keeffe,0,S Crawley,7th,19 l,5,10-11,-,True,99,25
N/A,N/A,14:05,Heavy,2m,Realtin Lonrach (IRE),J J Slevin,0,M f O'dowd,6th,4 1/4 l,8,10-11,-,True,99,25
N/A,N/A,14:05,Heavy,2m,Interieur Cuir (FR),Rachael Blackmore,0,H De Bromhead,5th,4 l,6,11-4,-,True,99,25
N/A,N/A,14:05,Heavy,2m,Glenriver (IRE),P J O'Hanlon,3,D A McLoughlin,4th,16 l,6,11-4,-,True,99,25
N/A,N/A,14:05,Heavy,2m,Jasmin De Cotte (FR),J P O'Sullivan,3,P Nolan,3rd,30 l,5,11-4,-,True,99,25
N/A,N/A,14:05,Heavy,2m,Al Gasparo (FR),C D Maxwell,0,D A McLoughlin,2nd,11 l,5,11-4t,-,True,99,25
N/A,N/A,14:05,Heavy,2m,Mirazur West (IRE),M P Walsh,0,W P Mullins,1st,N/A,6,11-12,-,True,99,25
N/A,N/A,14:05,Heavy,2m,D B Cooper (IRE),J W Kennedy,0,G Elliott,PU,N/A,5,11-4,-,True,99,25
N/A,N/A,14:05,Heavy,2m,Darcy's Friend (IRE),A P Kelly,5,S M Duffy,PU,N/A,5,11-4,-,True,99,25
N/A,N/A,14:05,Heavy,2m,Hollies Choice (IRE),P T Enright,0,O McKiernan,PU,N/A,5,10-11h1,-,True,99,25
N/A,N/A,14:05,Heavy,2m,Boston Bongo (IRE),B Hayes,0,Barry J Fitzgerald,12th,30 l,5,11-4,-,True,99,25
N/A,N/A,14:05,Heavy,2m,Do The Math (IRE),K E Buckley,0,S Crawley,11th,9 l,5,11-4,-,True,99,25
N/A,N/A,14:05,Heavy,2m,Harveyshonor (IRE),D E Mullins,0,R Donohoe,10th,15 l,6,11-4,-,True,99,25
N/A,N/A,14:05,Heavy,2m,Shuil Na Tra (IRE),R P Geoghegan,7,N Lee,9th,9 1/2 l,6,11-4,-,True,99,25
N/A,N/A,14:05,Heavy,2m,Camino Mission (IRE),B P Kennedy,7,S Fahey,8th,1 1/2 l,6,11-4,-,True,99,25
N/A,N/A,14:05,Heavy,2m,Del Girl (IRE),S F O'Keeffe,0,S Crawley,7th,19 l,5,10-11,-,True,99,25
N/A,N/A,14:05,Heavy,2m,Realtin Lonrach (IRE),J J Slevin,0,M f O'dowd,6th,4 1/4 l,8,10-11,-,True,99,25
N/A,N/A,14:05,Heavy,2m,Interieur Cuir (FR),Rachael Blackmore,0,H De Bromhead,5th,4 l,6,11-4,-,True,99,25
N/A,N/A,14:05,Heavy,2m,Glenriver (IRE),P J O'Hanlon,3,D A McLoughlin,4th,16 l,6,11-4,-,True,99,25
N/A,N/A,14:05,Heavy,2m,Jasmin De Cotte (FR),J P O'Sullivan,3,P Nolan,3rd,30 l,5,11-4,-,True,99,25
N/A,N/A,14:05,Heavy,2m,Al Gasparo (FR),C D Maxwell,0,D A McLoughlin,2nd,11 l,5,11-4t,-,True,99,25
N/A,N/A,14:05,Heavy,2m,Mirazur West (IRE),M P Walsh,0,W P Mullins,1st,N/A,6,11-12,-,True,99,25
N/A,N/A,14:40,Heavy,2m 3f 210y,Sioux Grit (IRE),D J O'Keeffe,0,R P Burns,PU,N/A,6,11-7,-,True,99,26
N/A,N/A,14:40,Heavy,2m 3f 210y,We Will Rock You (FR),Conor Clarke,7,A Donoghue,PU,N/A,6,11-7,-,True,99,26
N/A,N/A,14:40,Heavy,2m 3f 210y,Sweet Maisie (IRE),T P Harney,7,L Comer,PU,N/A,5,11-7,-,True,99,26
N/A,N/A,14:40,Heavy,2m 3f 210y,Miss Gherkin (IRE),Shane Fenelon,7,P Croke,11th,24 l,5,11-7,-,True,99,26
N/A,N/A,14:40,Heavy,2m 3f 210y,Why Delilah (IRE),J W Kennedy,0,G Elliott,10th,7 l,6,11-7,-,True,99,26
N/A,N/A,14:40,Heavy,2m 3f 210y,But What About Me (IRE),R P Geoghegan,7,N Lee,9th,65 l,6,11-7,-,True,99,26
N/A,N/A,14:40,Heavy,2m 3f 210y,Eire Comes Tribsy (IRE),Sarah Kavanagh,7,P A Fahy,8th,1 l,6,11-7,-,True,99,26
N/A,N/A,14:40,Heavy,2m 3f 210y,Hurricane Bailey (IRE),S Cleary-Farrell,7,Barry J Fitzgerald,7th,21 l,5,11-7,-,True,99,26
N/A,N/A,14:40,Heavy,2m 3f 210y,Miss Vivacious (IRE),K E Buckley,0,T Gibney,6th,Head,6,11-7,-,True,99,26
N/A,N/A,14:40,Heavy,2m 3f 210y,Roxhill Roise (IRE),S W Flanagan,0,D M O'Brien,5th,12 l,6,11-7h,-,True,99,26
N/A,N/A,14:40,Heavy,2m 3f 210y,Milanaway (IRE),D King,3,D Hogan,4th,11 l,6,11-7,-,True,99,26
N/A,N/A,14:40,Heavy,2m 3f 210y,Jolie Coeur Allen (FR),M P Walsh,0,W P Mullins,3rd,7 1/2 l,5,11-7h,-,True,99,26
N/A,N/A,14:40,Heavy,2m 3f 210y,True Testimony (IRE),M J M O'Sullivan,0,P A Fahy,2nd,9 l,5,11-7,-,True,99,26
N/A,N/A,14:40,Heavy,2m 3f 210y,Spindleberry (IRE),P Townend,0,W P Mullins,1st,N/A,6,11-7,-,True,99,26
N/A,N/A,14:40,Heavy,2m 3f 210y,Sioux Grit (IRE),D J O'Keeffe,0,R P Burns,PU,N/A,6,11-7,-,True,99,26
N/A,N/A,14:40,Heavy,2m 3f 210y,We Will Rock You (FR),Conor Clarke,7,A Donoghue,PU,N/A,6,11-7,-,True,99,26
N/A,N/A,14:40,Heavy,2m 3f 210y,Sweet Maisie (IRE),T P Harney,7,L Comer,PU,N/A,5,11-7,-,True,99,26
N/A,N/A,14:40,Heavy,2m 3f 210y,Miss Gherkin (IRE),Shane Fenelon,7,P Croke,11th,24 l,5,11-7,-,True,99,26
N/A,N/A,14:40,Heavy,2m 3f 210y,Why Delilah (IRE),J W Kennedy,0,G Elliott,10th,7 l,6,11-7,-,True,99,26
N/A,N/A,14:40,Heavy,2m 3f 210y,But What About Me (IRE),R P Geoghegan,7,N Lee,9th,65 l,6,11-7,-,True,99,26
N/A,N/A,14:40,Heavy,2m 3f 210y,Eire Comes Tribsy (IRE),Sarah Kavanagh,7,P A Fahy,8th,1 l,6,11-7,-,True,99,26
N/A,N/A,14:40,Heavy,2m 3f 210y,Hurricane Bailey (IRE),S Cleary-Farrell,7,Barry J Fitzgerald,7th,21 l,5,11-7,-,True,99,26
N/A,N/A,14:40,Heavy,2m 3f 210y,Miss Vivacious (IRE),K E Buckley,0,T Gibney,6th,Head,6,11-7,-,True,99,26
N/A,N/A,14:40,Heavy,2m 3f 210y,Roxhill Roise (IRE),S W Flanagan,0,D M O'Brien,5th,12 l,6,11-7h,-,True,99,26
N/A,N/A,14:40,Heavy,2m 3f 210y,Milanaway (IRE),D King,3,D Hogan,4th,11 l,6,11-7,-,True,99,26
N/A,N/A,14:40,Heavy,2m 3f 210y,Jolie Coeur Allen (FR),M P Walsh,0,W P Mullins,3rd,7 1/2 l,5,11-7h,-,True,99,26
N/A,N/A,14:40,Heavy,2m 3f 210y,True Testimony (IRE),M J M O'Sullivan,0,P A Fahy,2nd,9 l,5,11-7,-,True,99,26
N/A,N/A,14:40,Heavy,2m 3f 210y,Spindleberry (IRE),P Townend,0,W P Mullins,1st,N/A,6,11-7,-,True,99,26
N/A,N/A,15:15,Heavy,2m 3f 210y,Catchyoulater (IRE),J J Slevin,0,E Cawley,PU,N/A,5,11-4,-,True,99,27
N/A,N/A,15:15,Heavy,2m 3f 210y,Path To The Moon (IRE),T P Harney,7,L Comer,PU,N/A,5,10-11,-,True,99,27
N/A,N/A,15:15,Heavy,2m 3f 210y,Fort Randall (IRE),J S McGarvey,0,J J Hanlon,12th,1 3/4 l,5,11-4,-,True,99,27
N/A,N/A,15:15,Heavy,2m 3f 210y,One And Only (IRE),P T Enright,0,O McKiernan,11th,Neck,6,11-4t,-,True,99,27
N/A,N/A,15:15,Heavy,2m 3f 210y,Oakley (GER),D E Mullins,0,A Mullins,10th,42 l,6,11-12,-,True,99,27
N/A,N/A,15:15,Heavy,2m 3f 210y,Shades Of Tara,R J Condon,5,P A Fahy,9th,1 l,7,11-4,-,True,99,27
N/A,N/A,15:15,Heavy,2m 3f 210y,Moudan (IRE),E Walsh,0,Ciaran Murphy,8th,1 3/4 l,5,11-4,-,True,99,27
N/A,N/A,15:15,Heavy,2m 3f 210y,Bloomhill (IRE),B Hayes,0,P Fenton,7th,8 l,7,11-4,-,True,99,27
N/A,N/A,15:15,Heavy,2m 3f 210y,Maroto (IRE),Rachael Blackmore,0,W P Mullins,6th,15 l,7,11-4,-,True,99,27
N/A,N/A,15:15,Heavy,2m 3f 210y,Raglan Road (IRE),M P Walsh,0,H De Bromhead,5th,5 1/2 l,6,11-4,-,True,99,27
N/A,N/A,15:15,Heavy,2m 3f 210y,The Electrical Kid (IRE),S F O'Keeffe,0,W P Mullins,4th,3 1/2 l,7,11-4,-,True,99,27
N/A,N/A,15:15,Heavy,2m 3f 210y,Maxi Mac Gold (FR),S W Flanagan,0,P Nolan,3rd,Neck,5,11-4,-,True,99,27
N/A,N/A,15:15,Heavy,2m 3f 210y,Lucky Lyreen (IRE),J W Kennedy,0,G Elliott,2nd,9 l,6,11-12,-,True,99,27
N/A,N/A,15:15,Heavy,2m 3f 210y,O'Moore Park (IRE),P Townend,0,W P Mullins,1st,N/A,7,11-4,-,True,99,27
N/A,N/A,15:15,Heavy,2m 3f 210y,Catchyoulater (IRE),J J Slevin,0,E Cawley,PU,N/A,5,11-4,-,True,99,27
N/A,N/A,15:15,Heavy,2m 3f 210y,Path To The Moon (IRE),T P Harney,7,L Comer,PU,N/A,5,10-11,-,True,99,27
N/A,N/A,15:15,Heavy,2m 3f 210y,Fort Randall (IRE),J S McGarvey,0,J J Hanlon,12th,1 3/4 l,5,11-4,-,True,99,27
N/A,N/A,15:15,Heavy,2m 3f 210y,One And Only (IRE),P T Enright,0,O McKiernan,11th,Neck,6,11-4t,-,True,99,27
N/A,N/A,15:15,Heavy,2m 3f 210y,Oakley (GER),D E Mullins,0,A Mullins,10th,42 l,6,11-12,-,True,99,27
N/A,N/A,15:15,Heavy,2m 3f 210y,Shades Of Tara,R J Condon,5,P A Fahy,9th,1 l,7,11-4,-,True,99,27
N/A,N/A,15:15,Heavy,2m 3f 210y,Moudan (IRE),E Walsh,0,Ciaran Murphy,8th,1 3/4 l,5,11-4,-,True,99,27
N/A,N/A,15:15,Heavy,2m 3f 210y,Bloomhill (IRE),B Hayes,0,P Fenton,7th,8 l,7,11-4,-,True,99,27
N/A,N/A,15:15,Heavy,2m 3f 210y,Maroto (IRE),Rachael Blackmore,0,W P Mullins,6th,15 l,7,11-4,-,True,99,27
N/A,N/A,15:15,Heavy,2m 3f 210y,Raglan Road (IRE),M P Walsh,0,H De Bromhead,5th,5 1/2 l,6,11-4,-,True,99,27
N/A,N/A,15:15,Heavy,2m 3f 210y,The Electrical Kid (IRE),S F O'Keeffe,0,W P Mullins,4th,3 1/2 l,7,11-4,-,True,99,27
N/A,N/A,15:15,Heavy,2m 3f 210y,Maxi Mac Gold (FR),S W Flanagan,0,P Nolan,3rd,Neck,5,11-4,-,True,99,27
N/A,N/A,15:15,Heavy,2m 3f 210y,Lucky Lyreen (IRE),J W Kennedy,0,G Elliott,2nd,9 l,6,11-12,-,True,99,27
N/A,N/A,15:15,Heavy,2m 3f 210y,O'Moore Park (IRE),P Townend,0,W P Mullins,1st,N/A,7,11-4,-,True,99,27
N/A,N/A,15:50,Heavy,2m 3f 210y,Legacy Of Dreams (FR),J P O'Sullivan,3,P J Rothwell,NR,N/A,9,10-13p,80,True,99,28
N/A,N/A,15:50,Heavy,2m 3f 210y,Mrs Watson (IRE),Shane Fenelon,7,P Croke,NR,N/A,10,10-13b1,80,True,99,28
N/A,N/A,15:50,Heavy,2m 3f 210y,The Big Cloud (IRE),S F O'Keeffe,0,S Crawley,NR,N/A,6,11-12,93,True,99,28
N/A,N/A,15:50,Heavy,2m 3f 210y,Feyan (IRE),T Joseph Kelly,7,E McCarthy,PU,N/A,9,11-11,92,True,99,28
N/A,N/A,15:50,Heavy,2m 3f 210y,Boxcar Molly (IRE),G B Noonan,5,E McCarthy,PU,N/A,5,11-4,85,True,99,28
N/A,N/A,15:50,Heavy,2m 3f 210y,Gold Haven (IRE),S W Flanagan,0,P W Flynn,PU,N/A,6,11-13b,94,True,99,28
N/A,N/A,15:50,Heavy,2m 3f 210y,Pirate Bonnie (IRE),A P Kelly,5,J P Fahey,PU,N/A,6,11-0,81,True,99,28
N/A,N/A,15:50,Heavy,2m 3f 210y,Mount Gable (IRE),R P Treacy,0,Mrs J Cashin,F,N/A,7,11-1,82,True,99,28
N/A,N/A,15:50,Heavy,2m 3f 210y,Jouster (FR),K M Donoghue,0,G P Cromwell,F,N/A,5,11-11t,92,True,99,28
N/A,N/A,15:50,Heavy,2m 3f 210y,Hillsdale (IRE),D Meyler,0,J P Dempsey,8th,32 l,5,12-0,95,True,99,28
N/A,N/A,15:50,Heavy,2m 3f 210y,Max Time (IRE),D King,3,I Madden,7th,Short Head,7,10-13,80,True,99,28
N/A,N/A,15:50,Heavy,2m 3f 210y,Shean Glory (IRE),Mr S Tobin,7,S Aherne,6th,3 3/4 l,8,11-0,81,True,99,28
N/A,N/A,15:50,Heavy,2m 3f 210y,Aodhan May (IRE),P Byrnes,5,C Byrnes,5th,6 l,8,11-2p1,83,True,99,28
N/A,N/A,15:50,Heavy,2m 3f 210y,Lilian Bland (IRE),R Deegan,0,Niall Patrick Hennessy,4th,9 l,8,11-9h,90,True,99,28
N/A,N/A,15:50,Heavy,2m 3f 210y,Lily's Choice (IRE),R A Doyle,0,D H Kelly,3rd,18 l,6,11-6,87,True,99,28
N/A,N/A,15:50,Heavy,2m 3f 210y,Junot (IRE),M M McDonagh,3,M Winters,2nd,Short Head,5,11-6p,87,True,99,28
N/A,N/A,15:50,Heavy,2m 3f 210y,Rusheen (IRE),D E Mullins,0,J Dullea,1st,N/A,6,11-12,93,True,99,28
N/A,N/A,15:50,Heavy,2m 3f 210y,Legacy Of Dreams (FR),J P O'Sullivan,3,P J Rothwell,NR,N/A,9,10-13p,80,True,99,28
N/A,N/A,15:50,Heavy,2m 3f 210y,Mrs Watson (IRE),Shane Fenelon,7,P Croke,NR,N/A,10,10-13b1,80,True,99,28
N/A,N/A,15:50,Heavy,2m 3f 210y,The Big Cloud (IRE),S F O'Keeffe,0,S Crawley,NR,N/A,6,11-12,93,True,99,28
N/A,N/A,15:50,Heavy,2m 3f 210y,Feyan (IRE),T Joseph Kelly,7,E McCarthy,PU,N/A,9,11-11,92,True,99,28
N/A,N/A,15:50,Heavy,2m 3f 210y,Boxcar Molly (IRE),G B Noonan,5,E McCarthy,PU,N/A,5,11-4,85,True,99,28
N/A,N/A,15:50,Heavy,2m 3f 210y,Gold Haven (IRE),S W Flanagan,0,P W Flynn,PU,N/A,6,11-13b,94,True,99,28
N/A,N/A,15:50,Heavy,2m 3f 210y,Pirate Bonnie (IRE),A P Kelly,5,J P Fahey,PU,N/A,6,11-0,81,True,99,28
N/A,N/A,15:50,Heavy,2m 3f 210y,Mount Gable (IRE),R P Treacy,0,Mrs J Cashin,F,N/A,7,11-1,82,True,99,28
N/A,N/A,15:50,Heavy,2m 3f 210y,Jouster (FR),K M Donoghue,0,G P Cromwell,F,N/A,5,11-11t,92,True,99,28
N/A,N/A,15:50,Heavy,2m 3f 210y,Hillsdale (IRE),D Meyler,0,J P Dempsey,8th,32 l,5,12-0,95,True,99,28
N/A,N/A,15:50,Heavy,2m 3f 210y,Max Time (IRE),D King,3,I Madden,7th,Short Head,7,10-13,80,True,99,28
N/A,N/A,15:50,Heavy,2m 3f 210y,Shean Glory (IRE),Mr S Tobin,7,S Aherne,6th,3 3/4 l,8,11-0,81,True,99,28
N/A,N/A,15:50,Heavy,2m 3f 210y,Aodhan May (IRE),P Byrnes,5,C Byrnes,5th,6 l,8,11-2p1,83,True,99,28
N/A,N/A,15:50,Heavy,2m 3f 210y,Lilian Bland (IRE),R Deegan,0,Niall Patrick Hennessy,4th,9 l,8,11-9h,90,True,99,28
N/A,N/A,15:50,Heavy,2m 3f 210y,Lily's Choice (IRE),R A Doyle,0,D H Kelly,3rd,18 l,6,11-6,87,True,99,28
N/A,N/A,15:50,Heavy,2m 3f 210y,Junot (IRE),M M McDonagh,3,M Winters,2nd,Short Head,5,11-6p,87,True,99,28
N/A,N/A,15:50,Heavy,2m 3f 210y,Rusheen (IRE),D E Mullins,0,J Dullea,1st,N/A,6,11-12,93,True,99,28
N/A,N/A,13:05,Heavy,2m,Uncle Gerhard (IRE),C G O'Dwyer,5,C O'Dwyer,NR,N/A,9,11-12,100,True,99,29
N/A,N/A,13:05,Heavy,2m,Intersky Sunset (IRE),Mr J W Hendrick,7,D Queally,NR,N/A,7,11-9t,97,True,99,29
N/A,N/A,13:05,Heavy,2m,Derridae (IRE),G Brouder,5,M McCabe,PU,N/A,9,11-9,97,True,99,29
N/A,N/A,13:05,Heavy,2m,Granpa Ger (IRE),Conor Clarke,7,A Mullins,PU,N/A,6,11-7,95,True,99,29
N/A,N/A,13:05,Heavy,2m,Diamond Dollar (IRE),P Byrnes,5,C Byrnes,PU,N/A,5,11-11,99,True,99,29
N/A,N/A,13:05,Heavy,2m,Bite That (IRE),G B Noonan,5,P J Flynn,15th,29 l,8,11-6,94,True,99,29
N/A,N/A,13:05,Heavy,2m,New Barn Lane (IRE),R Deegan,0,E McCarthy,14th,1 3/4 l,7,11-8t,96,True,99,29
N/A,N/A,13:05,Heavy,2m,Fassbender (IRE),A P Heskin,0,M M McNiff,13th,7 1/2 l,8,11-9t,97,True,99,29
N/A,N/A,13:05,Heavy,2m,Backinabit (IRE),J P O'Sullivan,3,J P Dempsey,12th,4 l,5,11-3tp1,91,True,99,29
N/A,N/A,13:05,Heavy,2m,Kuriosa (FR),C D Smithers,7,P Nolan,11th,7 1/2 l,5,11-4,92,True,99,29
N/A,N/A,13:05,Heavy,2m,Listenheretomejack (IRE),S O'Callaghan,5,E Doyle,10th,15 l,9,12-0,102,True,99,29
N/A,N/A,13:05,Heavy,2m,The Truant (IRE),E A Fitzgerald,7,Peter Fahey,9th,5 l,7,11-8,96,True,99,29
N/A,N/A,13:05,Heavy,2m,The Lucky Lobster,Mr J M Fennell,7,D Queally,8th,4 l,5,11-4,92,True,99,29
N/A,N/A,13:05,Heavy,2m,Young Darleen (IRE),S W Flanagan,0,R P Cody,7th,3 1/4 l,8,11-10h,98,True,99,29
N/A,N/A,13:05,Heavy,2m,Le Fanu (IRE),P T Enright,0,Brendan Walsh,6th,3 l,8,11-5,93,True,99,29
N/A,N/A,13:05,Heavy,2m,Star Official (IRE),D E Mullins,0,R Donohoe,5th,11 l,6,12-0,102,True,99,29
N/A,N/A,13:05,Heavy,2m,Benjis Benefit (IRE),D Meyler,0,E Mullins,4th,13 l,6,11-3,91,True,99,29
N/A,N/A,13:05,Heavy,2m,Zeeband (IRE),J G Gilligan,7,P J Gilligan,3rd,1/2 l,7,11-12t,100,True,99,29
N/A,N/A,13:05,Heavy,2m,Kilbarry Saint (FR),D J Gilligan,5,C O'Keeffe,2nd,6 1/2 l,5,11-5t,93,True,99,29
N/A,N/A,13:05,Heavy,2m,Champagne Mahler (IRE),D J O'Keeffe,0,H De Bromhead,1st,N/A,6,12-0,102,True,99,29
N/A,N/A,13:05,Heavy,2m,Uncle Gerhard (IRE),C G O'Dwyer,5,C O'Dwyer,NR,N/A,9,11-12,100,True,99,29
N/A,N/A,13:05,Heavy,2m,Intersky Sunset (IRE),Mr J W Hendrick,7,D Queally,NR,N/A,7,11-9t,97,True,99,29
N/A,N/A,13:05,Heavy,2m,Derridae (IRE),G Brouder,5,M McCabe,PU,N/A,9,11-9,97,True,99,29
N/A,N/A,13:05,Heavy,2m,Granpa Ger (IRE),Conor Clarke,7,A Mullins,PU,N/A,6,11-7,95,True,99,29
N/A,N/A,13:05,Heavy,2m,Diamond Dollar (IRE),P Byrnes,5,C Byrnes,PU,N/A,5,11-11,99,True,99,29
N/A,N/A,13:05,Heavy,2m,Bite That (IRE),G B Noonan,5,P J Flynn,15th,29 l,8,11-6,94,True,99,29
N/A,N/A,13:05,Heavy,2m,New Barn Lane (IRE),R Deegan,0,E McCarthy,14th,1 3/4 l,7,11-8t,96,True,99,29
N/A,N/A,13:05,Heavy,2m,Fassbender (IRE),A P Heskin,0,M M McNiff,13th,7 1/2 l,8,11-9t,97,True,99,29
N/A,N/A,13:05,Heavy,2m,Backinabit (IRE),J P O'Sullivan,3,J P Dempsey,12th,4 l,5,11-3tp1,91,True,99,29
N/A,N/A,13:05,Heavy,2m,Kuriosa (FR),C D Smithers,7,P Nolan,11th,7 1/2 l,5,11-4,92,True,99,29
N/A,N/A,13:05,Heavy,2m,Listenheretomejack (IRE),S O'Callaghan,5,E Doyle,10th,15 l,9,12-0,102,True,99,29
N/A,N/A,13:05,Heavy,2m,The Truant (IRE),E A Fitzgerald,7,Peter Fahey,9th,5 l,7,11-8,96,True,99,29
N/A,N/A,13:05,Heavy,2m,The Lucky Lobster,Mr J M Fennell,7,D Queally,8th,4 l,5,11-4,92,True,99,29
N/A,N/A,13:05,Heavy,2m,Young Darleen (IRE),S W Flanagan,0,R P Cody,7th,3 1/4 l,8,11-10h,98,True,99,29
N/A,N/A,13:05,Heavy,2m,Le Fanu (IRE),P T Enright,0,Brendan Walsh,6th,3 l,8,11-5,93,True,99,29
N/A,N/A,13:05,Heavy,2m,Star Official (IRE),D E Mullins,0,R Donohoe,5th,11 l,6,12-0,102,True,99,29
N/A,N/A,13:05,Heavy,2m,Benjis Benefit (IRE),D Meyler,0,E Mullins,4th,13 l,6,11-3,91,True,99,29
N/A,N/A,13:05,Heavy,2m,Zeeband (IRE),J G Gilligan,7,P J Gilligan,3rd,1/2 l,7,11-12t,100,True,99,29
N/A,N/A,13:05,Heavy,2m,Kilbarry Saint (FR),D J Gilligan,5,C O'Keeffe,2nd,6 1/2 l,5,11-5t,93,True,99,29
N/A,N/A,13:05,Heavy,2m,Champagne Mahler (IRE),D J O'Keeffe,0,H De Bromhead,1st,N/A,6,12-0,102,True,99,29
N/A,N/A,14:15,Heavy,3m,Farouk D'Alene (FR),J W Kennedy,0,G Elliott,NR,N/A,9,11-3p1,-,True,99,31
N/A,N/A,14:15,Heavy,3m,Thedevilscoachman (IRE),M P Walsh,0,N Meade,4th,19 l,8,11-3p1,-,True,99,31
N/A,N/A,14:15,Heavy,3m,Ashdale Bob (IRE),J S McGarvey,0,Mrs J Harrington,3rd,8 l,9,11-3,-,True,99,31
N/A,N/A,14:15,Heavy,3m,Summerville Boy (IRE),Rachael Blackmore,0,H De Bromhead,2nd,5 1/2 l,12,11-3,-,True,99,31
N/A,N/A,14:15,Heavy,3m,Monkfish (IRE),P Townend,0,W P Mullins,1st,N/A,10,11-3,-,True,99,31
N/A,N/A,14:15,Heavy,3m,Farouk D'Alene (FR),J W Kennedy,0,G Elliott,NR,N/A,9,11-3p1,-,True,99,31
N/A,N/A,14:15,Heavy,3m,Thedevilscoachman (IRE),M P Walsh,0,N Meade,4th,19 l,8,11-3p1,-,True,99,31
N/A,N/A,14:15,Heavy,3m,Ashdale Bob (IRE),J S McGarvey,0,Mrs J Harrington,3rd,8 l,9,11-3,-,True,99,31
N/A,N/A,14:15,Heavy,3m,Summerville Boy (IRE),Rachael Blackmore,0,H De Bromhead,2nd,5 1/2 l,12,11-3,-,True,99,31
N/A,N/A,14:15,Heavy,3m,Monkfish (IRE),P Townend,0,W P Mullins,1st,N/A,10,11-3,-,True,99,31
N/A,N/A,14:50,Heavy,3m 1f,Espanito Bello (FR),M J M O'Sullivan,0,B Connell,UR,N/A,10,11-9v1,150,True,99,32
N/A,N/A,14:50,Heavy,3m 1f,Royal Thief (IRE),J Coen,5,G Elliott,PU,N/A,10,10-3tb,130,True,99,32
N/A,N/A,14:50,Heavy,3m 1f,Street Value (IRE),D E Mullins,0,J P Flavin,PU,N/A,9,10-5t,132,True,99,32
N/A,N/A,14:50,Heavy,3m 1f,Dunboyne (IRE),J W Kennedy,0,G Elliott,PU,N/A,9,10-11b,138,True,99,32
N/A,N/A,14:50,Heavy,3m 1f,Ontheropes (IRE),S F O'Keeffe,0,W P Mullins,PU,N/A,10,11-4p,145,True,99,32
N/A,N/A,14:50,Heavy,3m 1f,Longhouse Poet (IRE),J J Slevin,0,M Brassil,PU,N/A,10,11-11t,152,True,99,32
N/A,N/A,14:50,Heavy,3m 1f,Fakir D'alene (FR),D J Gilligan,5,G Elliott,PU,N/A,9,11-1b,142,True,99,32
N/A,N/A,14:50,Heavy,3m 1f,Gevrey (FR),Sam Ewing,0,G Elliott,PU,N/A,8,11-5p,146,True,99,32
N/A,N/A,14:50,Heavy,3m 1f,Bronn (IRE),D A Jacob,0,W P Mullins,PU,N/A,7,11-12p1,153,True,99,32
N/A,N/A,14:50,Heavy,3m 1f,Frontal Assault (IRE),D Meyler,0,G Elliott,9th,Neck,9,10-12b,139,True,99,32
N/A,N/A,14:50,Heavy,3m 1f,Any Second Now (IRE),M P Walsh,0,T M Walsh,8th,13 l,12,11-7b,148,True,99,32
N/A,N/A,14:50,Heavy,3m 1f,Shantreusse (IRE),D J O'Keeffe,0,H De Bromhead,7th,7 l,8,10-6,133,True,99,32
N/A,N/A,14:50,Heavy,3m 1f,Diol Ker (FR),K E Buckley,0,G Elliott,6th,15 l,10,11-1b,142,True,99,32
N/A,N/A,14:50,Heavy,3m 1f,Macs Charm (IRE),B Hayes,0,Colm Murphy,5th,Short Head,9,11-0,141,True,99,32
N/A,N/A,14:50,Heavy,3m 1f,Stormy Judge (IRE),R J Condon,5,P A Fahy,4th,4 3/4 l,9,10-5,132,True,99,32
N/A,N/A,14:50,Heavy,3m 1f,Angels Dawn (IRE),P T Enright,0,S Curling,3rd,3/4 l,9,10-11,138,True,99,32
N/A,N/A,14:50,Heavy,3m 1f,Glengouly (FR),P Townend,0,W P Mullins,2nd,2 1/2 l,8,11-0,141,True,99,32
N/A,N/A,14:50,Heavy,3m 1f,Ain't That A Shame (IRE),Rachael Blackmore,0,H De Bromhead,1st,N/A,10,11-3,144,True,99,32
N/A,N/A,14:50,Heavy,3m 1f,Espanito Bello (FR),M J M O'Sullivan,0,B Connell,UR,N/A,10,11-9v1,150,True,99,32
N/A,N/A,14:50,Heavy,3m 1f,Royal Thief (IRE),J Coen,5,G Elliott,PU,N/A,10,10-3tb,130,True,99,32
N/A,N/A,14:50,Heavy,3m 1f,Street Value (IRE),D E Mullins,0,J P Flavin,PU,N/A,9,10-5t,132,True,99,32
N/A,N/A,14:50,Heavy,3m 1f,Dunboyne (IRE),J W Kennedy,0,G Elliott,PU,N/A,9,10-11b,138,True,99,32
N/A,N/A,14:50,Heavy,3m 1f,Ontheropes (IRE),S F O'Keeffe,0,W P Mullins,PU,N/A,10,11-4p,145,True,99,32
N/A,N/A,14:50,Heavy,3m 1f,Longhouse Poet (IRE),J J Slevin,0,M Brassil,PU,N/A,10,11-11t,152,True,99,32
N/A,N/A,14:50,Heavy,3m 1f,Fakir D'alene (FR),D J Gilligan,5,G Elliott,PU,N/A,9,11-1b,142,True,99,32
N/A,N/A,14:50,Heavy,3m 1f,Gevrey (FR),Sam Ewing,0,G Elliott,PU,N/A,8,11-5p,146,True,99,32
N/A,N/A,14:50,Heavy,3m 1f,Bronn (IRE),D A Jacob,0,W P Mullins,PU,N/A,7,11-12p1,153,True,99,32
N/A,N/A,14:50,Heavy,3m 1f,Frontal Assault (IRE),D Meyler,0,G Elliott,9th,Neck,9,10-12b,139,True,99,32
N/A,N/A,14:50,Heavy,3m 1f,Any Second Now (IRE),M P Walsh,0,T M Walsh,8th,13 l,12,11-7b,148,True,99,32
N/A,N/A,14:50,Heavy,3m 1f,Shantreusse (IRE),D J O'Keeffe,0,H De Bromhead,7th,7 l,8,10-6,133,True,99,32
N/A,N/A,14:50,Heavy,3m 1f,Diol Ker (FR),K E Buckley,0,G Elliott,6th,15 l,10,11-1b,142,True,99,32
N/A,N/A,14:50,Heavy,3m 1f,Macs Charm (IRE),B Hayes,0,Colm Murphy,5th,Short Head,9,11-0,141,True,99,32
N/A,N/A,14:50,Heavy,3m 1f,Stormy Judge (IRE),R J Condon,5,P A Fahy,4th,4 3/4 l,9,10-5,132,True,99,32
N/A,N/A,14:50,Heavy,3m 1f,Angels Dawn (IRE),P T Enright,0,S Curling,3rd,3/4 l,9,10-11,138,True,99,32
N/A,N/A,14:50,Heavy,3m 1f,Glengouly (FR),P Townend,0,W P Mullins,2nd,2 1/2 l,8,11-0,141,True,99,32
N/A,N/A,14:50,Heavy,3m 1f,Ain't That A Shame (IRE),Rachael Blackmore,0,H De Bromhead,1st,N/A,10,11-3,144,True,99,32
N/A,N/A,15:25,Heavy,2m 4f,Jimmy Chou Pecos Aa (FR),S D Torrens,0,J C McConnell,7th,1/2 l,8,11-12t,-,True,99,33
N/A,N/A,15:25,Heavy,2m 4f,Figaroc (FR),B Hayes,0,W P Mullins,6th,3/4 l,9,11-12,-,True,99,33
N/A,N/A,15:25,Heavy,2m 4f,Ho My Lord (FR),J S McGarvey,0,W P Mullins,5th,3 1/4 l,6,11-12,-,True,99,33
N/A,N/A,15:25,Heavy,2m 4f,Arctic Bresil,Rachael Blackmore,0,H De Bromhead,4th,1 1/2 l,7,11-12t,-,True,99,33
N/A,N/A,15:25,Heavy,2m 4f,Spanish Harlem (FR),D E Mullins,0,W P Mullins,3rd,7 l,6,11-12,-,True,99,33
N/A,N/A,15:25,Heavy,2m 4f,Saint Felicien (FR),J W Kennedy,0,G Elliott,2nd,3 1/2 l,7,11-12,-,True,99,33
N/A,N/A,15:25,Heavy,2m 4f,Tactical Move (IRE),P Townend,0,W P Mullins,1st,N/A,10,11-12,-,True,99,33
N/A,N/A,15:25,Heavy,2m 4f,Jimmy Chou Pecos Aa (FR),S D Torrens,0,J C McConnell,7th,1/2 l,8,11-12t,-,True,99,33
N/A,N/A,15:25,Heavy,2m 4f,Figaroc (FR),B Hayes,0,W P Mullins,6th,3/4 l,9,11-12,-,True,99,33
N/A,N/A,15:25,Heavy,2m 4f,Ho My Lord (FR),J S McGarvey,0,W P Mullins,5th,3 1/4 l,6,11-12,-,True,99,33
N/A,N/A,15:25,Heavy,2m 4f,Arctic Bresil,Rachael Blackmore,0,H De Bromhead,4th,1 1/2 l,7,11-12t,-,True,99,33
N/A,N/A,15:25,Heavy,2m 4f,Spanish Harlem (FR),D E Mullins,0,W P Mullins,3rd,7 l,6,11-12,-,True,99,33
N/A,N/A,15:25,Heavy,2m 4f,Saint Felicien (FR),J W Kennedy,0,G Elliott,2nd,3 1/2 l,7,11-12,-,True,99,33
N/A,N/A,15:25,Heavy,2m 4f,Tactical Move (IRE),P Townend,0,W P Mullins,1st,N/A,10,11-12,-,True,99,33
N/A,N/A,16:00,Heavy,2m,Ca Plane Pour Moi (IRE),Sarah Kavanagh,4,Colm Murphy,NR,N/A,6,10-11,104,True,99,34
N/A,N/A,16:00,Heavy,2m,Big Island (IRE),R J Condon,2,W J Lanigan,NR,N/A,7,11-2,109,True,99,34
N/A,N/A,16:00,Heavy,2m,Bynx (IRE),L A McKenna,2,M Hassett,UR,N/A,6,11-5,112,True,99,34
N/A,N/A,16:00,Heavy,2m,Action Motion (IRE),D King,0,D Hogan,6th,3/4 l,5,11-6tp,113,True,99,34
N/A,N/A,16:00,Heavy,2m,Whateys Quest (IRE),P Byrnes,0,C Byrnes,5th,1 1/2 l,6,10-9,102,True,99,34
N/A,N/A,16:00,Heavy,2m,Nathan Wells,D J Gilligan,0,G Elliott,4th,3 3/4 l,5,11-3,110,True,99,34
N/A,N/A,16:00,Heavy,2m,Don't Talk (GER),G Brouder,0,K Thornton,3rd,10 l,7,11-1t,108,True,99,34
N/A,N/A,16:00,Heavy,2m,Billy Lee Swagger (IRE),J P O'Sullivan,0,P J Rothwell,2nd,Head,5,10-4,97,True,99,34
N/A,N/A,16:00,Heavy,2m,Champagne Platinum (IRE),L Donnelly,4,E Bolger,1st,N/A,10,11-12,119,True,99,34
N/A,N/A,16:00,Heavy,2m,Ca Plane Pour Moi (IRE),Sarah Kavanagh,4,Colm Murphy,NR,N/A,6,10-11,104,True,99,34
N/A,N/A,16:00,Heavy,2m,Big Island (IRE),R J Condon,2,W J Lanigan,NR,N/A,7,11-2,109,True,99,34
N/A,N/A,16:00,Heavy,2m,Bynx (IRE),L A McKenna,2,M Hassett,UR,N/A,6,11-5,112,True,99,34
N/A,N/A,16:00,Heavy,2m,Action Motion (IRE),D King,0,D Hogan,6th,3/4 l,5,11-6tp,113,True,99,34
N/A,N/A,16:00,Heavy,2m,Whateys Quest (IRE),P Byrnes,0,C Byrnes,5th,1 1/2 l,6,10-9,102,True,99,34
N/A,N/A,16:00,Heavy,2m,Nathan Wells,D J Gilligan,0,G Elliott,4th,3 3/4 l,5,11-3,110,True,99,34
N/A,N/A,16:00,Heavy,2m,Don't Talk (GER),G Brouder,0,K Thornton,3rd,10 l,7,11-1t,108,True,99,34
N/A,N/A,16:00,Heavy,2m,Billy Lee Swagger (IRE),J P O'Sullivan,0,P J Rothwell,2nd,Head,5,10-4,97,True,99,34
N/A,N/A,16:00,Heavy,2m,Champagne Platinum (IRE),L Donnelly,4,E Bolger,1st,N/A,10,11-12,119,True,99,34
N/A,N/A,16:30,Heavy,2m,Pavilion End,Non Runner,0,C O'Brien,NR,N/A,4,11-10,-,True,99,35
N/A,N/A,16:30,Heavy,2m,Beautiful Beauty (IRE),Mr D J Walsh,7,Brendan Walsh,6th,99 l,4,11-3,-,True,99,35
N/A,N/A,16:30,Heavy,2m,It's A Blue Moon (IRE),Mr J H Williamson,7,G Elliott,5th,40 l,4,11-10,-,True,99,35
N/A,N/A,16:30,Heavy,2m,Stateofenlightment (IRE),Mr P J Cody,7,R P Cody,4th,8 l,4,11-10,-,True,99,35
N/A,N/A,16:30,Heavy,2m,Real Empire,Mr Paddy Hanlon,7,J J Hanlon,3rd,3 1/4 l,4,11-10h1,-,True,99,35
N/A,N/A,16:30,Heavy,2m,Harry's Dream (IRE),Miss P Elvin,7,P J Rothwell,2nd,8 l,4,11-10,-,True,99,35
N/A,N/A,16:30,Heavy,2m,Samyr (FR),Mr J L Gleeson,5,J P O'Brien,1st,N/A,4,11-10t1,-,True,99,35
N/A,N/A,16:30,Heavy,2m,Pavilion End,Non Runner,0,C O'Brien,NR,N/A,4,11-10,-,True,99,35
N/A,N/A,16:30,Heavy,2m,Beautiful Beauty (IRE),Mr D J Walsh,7,Brendan Walsh,6th,99 l,4,11-3,-,True,99,35
N/A,N/A,16:30,Heavy,2m,It's A Blue Moon (IRE),Mr J H Williamson,7,G Elliott,5th,40 l,4,11-10,-,True,99,35
N/A,N/A,16:30,Heavy,2m,Stateofenlightment (IRE),Mr P J Cody,7,R P Cody,4th,8 l,4,11-10,-,True,99,35
N/A,N/A,16:30,Heavy,2m,Real Empire,Mr Paddy Hanlon,7,J J Hanlon,3rd,3 1/4 l,4,11-10h1,-,True,99,35
N/A,N/A,16:30,Heavy,2m,Harry's Dream (IRE),Miss P Elvin,7,P J Rothwell,2nd,8 l,4,11-10,-,True,99,35
N/A,N/A,16:30,Heavy,2m,Samyr (FR),Mr J L Gleeson,5,J P O'Brien,1st,N/A,4,11-10t1,-,True,99,35
Dundalk Racing Results | 26th January 2024 16:00,N/A,16:00,Standard,5f,Zig Zag Zyggy (IRE),C J MacRedmond,5,A McGuinness,NR,N/A,9,8-13v,47,True,99,36
Dundalk Racing Results | 26th January 2024 16:00,N/A,16:00,Standard,5f,Autumnal Breeze (IRE),J M Sheridan,0,D Hogan,14th,3/4 l,4,9-12,60,True,99,36
Dundalk Racing Results | 26th January 2024 16:00,N/A,16:00,Standard,5f,Haumea (IRE),R Donaghue-Leahy,10,P J Flynn,13th,12 l,3,9-2,65,True,99,36
Dundalk Racing Results | 26th January 2024 16:00,N/A,16:00,Standard,5f,Adams Barbour (IRE),R P Cleary,0,L Smyth,12th,3/4 l,7,9-2tb,50,True,99,36
Dundalk Racing Results | 26th January 2024 16:00,N/A,16:00,Standard,5f,Nearly A Gonna,R P Whelan,0,H D McGuigan,11th,1 l,7,10-2,64,True,99,36
Dundalk Racing Results | 26th January 2024 16:00,N/A,16:00,Standard,5f,Betrayed,G P Halpin,0,L Breen,10th,Nose,6,8-13tb,47,True,99,36
Dundalk Racing Results | 26th January 2024 16:00,N/A,16:00,Standard,5f,Astral Beat (IRE),J A Heffernan,0,L Smyth,9th,Neck,5,9-5tb,53,True,99,36
Dundalk Racing Results | 26th January 2024 16:00,N/A,16:00,Standard,5f,Stopitnowjulia (IRE),W Joyce,5,A A Howard,8th,1 1/2 l,3,8-7,53,True,99,36
Dundalk Racing Results | 26th January 2024 16:00,N/A,16:00,Standard,5f,Reinforce (IRE),S Foley,0,Daniel Murphy,7th,Neck,4,9-12,60,True,99,36
Dundalk Racing Results | 26th January 2024 16:00,N/A,16:00,Standard,5f,No Speed Limit (FR),K J Leonard,0,P J McKenna,6th,1/2 l,9,9-13v,61,True,99,36
Dundalk Racing Results | 26th January 2024 16:00,N/A,16:00,Standard,5f,Havana Notion,H J Horgan,5,J Feane,5th,1/2 l,4,9-13,61,True,99,36
Dundalk Racing Results | 26th January 2024 16:00,N/A,16:00,Standard,5f,My Girl Sioux (IRE),D P McDonogh,0,A Slattery,4th,3/4 l,4,8-13p1,47,True,99,36
Dundalk Racing Results | 26th January 2024 16:00,N/A,16:00,Standard,5f,Bonny Power (IRE),W J Lee,0,E Lynam,3rd,1 1/2 l,4,9-7,55,True,99,36
Dundalk Racing Results | 26th January 2024 16:00,N/A,16:00,Standard,5f,Below Deck (IRE),O McSweeney,5,L Comer,2nd,Nose,4,9-2p,50,True,99,36
Dundalk Racing Results | 26th January 2024 16:00,N/A,16:00,Standard,5f,Phil's Dream (IRE),D W O'Connor,0,J C McConnell,1st,N/A,4,9-3tv,51,True,99,36
Dundalk Racing Results | 26th January 2024 16:00,N/A,16:00,Standard,5f,Zig Zag Zyggy (IRE),C J MacRedmond,5,A McGuinness,NR,N/A,9,8-13v,47,True,99,36
Dundalk Racing Results | 26th January 2024 16:00,N/A,16:00,Standard,5f,Autumnal Breeze (IRE),J M Sheridan,0,D Hogan,14th,3/4 l,4,9-12,60,True,99,36
Dundalk Racing Results | 26th January 2024 16:00,N/A,16:00,Standard,5f,Haumea (IRE),R Donaghue-Leahy,10,P J Flynn,13th,12 l,3,9-2,65,True,99,36
Dundalk Racing Results | 26th January 2024 16:00,N/A,16:00,Standard,5f,Adams Barbour (IRE),R P Cleary,0,L Smyth,12th,3/4 l,7,9-2tb,50,True,99,36
Dundalk Racing Results | 26th January 2024 16:00,N/A,16:00,Standard,5f,Nearly A Gonna,R P Whelan,0,H D McGuigan,11th,1 l,7,10-2,64,True,99,36
Dundalk Racing Results | 26th January 2024 16:00,N/A,16:00,Standard,5f,Betrayed,G P Halpin,0,L Breen,10th,Nose,6,8-13tb,47,True,99,36
Dundalk Racing Results | 26th January 2024 16:00,N/A,16:00,Standard,5f,Astral Beat (IRE),J A Heffernan,0,L Smyth,9th,Neck,5,9-5tb,53,True,99,36
Dundalk Racing Results | 26th January 2024 16:00,N/A,16:00,Standard,5f,Stopitnowjulia (IRE),W Joyce,5,A A Howard,8th,1 1/2 l,3,8-7,53,True,99,36
Dundalk Racing Results | 26th January 2024 16:00,N/A,16:00,Standard,5f,Reinforce (IRE),S Foley,0,Daniel Murphy,7th,Neck,4,9-12,60,True,99,36
Dundalk Racing Results | 26th January 2024 16:00,N/A,16:00,Standard,5f,No Speed Limit (FR),K J Leonard,0,P J McKenna,6th,1/2 l,9,9-13v,61,True,99,36
Dundalk Racing Results | 26th January 2024 16:00,N/A,16:00,Standard,5f,Havana Notion,H J Horgan,5,J Feane,5th,1/2 l,4,9-13,61,True,99,36
Dundalk Racing Results | 26th January 2024 16:00,N/A,16:00,Standard,5f,My Girl Sioux (IRE),D P McDonogh,0,A Slattery,4th,3/4 l,4,8-13p1,47,True,99,36
Dundalk Racing Results | 26th January 2024 16:00,N/A,16:00,Standard,5f,Bonny Power (IRE),W J Lee,0,E Lynam,3rd,1 1/2 l,4,9-7,55,True,99,36
Dundalk Racing Results | 26th January 2024 16:00,N/A,16:00,Standard,5f,Below Deck (IRE),O McSweeney,5,L Comer,2nd,Nose,4,9-2p,50,True,99,36
Dundalk Racing Results | 26th January 2024 16:00,N/A,16:00,Standard,5f,Phil's Dream (IRE),D W O'Connor,0,J C McConnell,1st,N/A,4,9-3tv,51,True,99,36
Dundalk Racing Results | 26th January 2024 16:30,N/A,16:30,Standard,1m 2f 150y,Quick Blessing (IRE),W Joyce,5,C Moore,14th,5 1/2 l,4,9-11t,-,True,99,37
Dundalk Racing Results | 26th January 2024 16:30,N/A,16:30,Standard,1m 2f 150y,Liquid Metric,R P Whelan,0,A McCann,13th,1 1/2 l,5,10-2tb,-,True,99,37
Dundalk Racing Results | 26th January 2024 16:30,N/A,16:30,Standard,1m 2f 150y,Chica Linda (IRE),G M Ryan,0,M Fahey,12th,1/2 l,4,9-3p,-,True,99,37
Dundalk Racing Results | 26th January 2024 16:30,N/A,16:30,Standard,1m 2f 150y,North Dorset,K G Kennedy,7,Mrs J Harrington,11th,1 1/2 l,4,9-5t1,-,True,99,37
Dundalk Racing Results | 26th January 2024 16:30,N/A,16:30,Standard,1m 2f 150y,Jomont (FR),S Foley,0,H D McGuigan,10th,Neck,7,9-10tb,-,True,99,37
Dundalk Racing Results | 26th January 2024 16:30,N/A,16:30,Standard,1m 2f 150y,Overstate,J A Heffernan,0,D Hogan,9th,Head,5,9-8p,-,True,99,37
Dundalk Racing Results | 26th January 2024 16:30,N/A,16:30,Standard,1m 2f 150y,In The Cheap Seats,D P McDonogh,0,R K Watson,8th,1 l,6,9-4,-,True,99,37
Dundalk Racing Results | 26th January 2024 16:30,N/A,16:30,Standard,1m 2f 150y,General Idea,D McMonagle,0,Ian Donoghue,7th,1/2 l,5,10-2tv1,-,True,99,37
Dundalk Racing Results | 26th January 2024 16:30,N/A,16:30,Standard,1m 2f 150y,Cursory Exam,S T McCullagh,3,D Bunyan & G O'Leary,6th,3 1/4 l,6,10-0,-,True,99,37
Dundalk Racing Results | 26th January 2024 16:30,N/A,16:30,Standard,1m 2f 150y,Neddies Boy (IRE),O McSweeney,5,R P Burns,5th,1/2 l,6,9-12b1,-,True,99,37
Dundalk Racing Results | 26th January 2024 16:30,N/A,16:30,Standard,1m 2f 150y,Kiwi Kiss (FR),G F Carroll,0,G P Cromwell,4th,3/4 l,8,9-12,-,True,99,37
Dundalk Racing Results | 26th January 2024 16:30,N/A,16:30,Standard,1m 2f 150y,Victory Star,C J MacRedmond,5,Kevin Coleman,3rd,Neck,7,9-8,-,True,99,37
Dundalk Racing Results | 26th January 2024 16:30,N/A,16:30,Standard,1m 2f 150y,Darkened (IRE),D King,5,D Hogan,2nd,3 l,8,10-2tb,-,True,99,37
Dundalk Racing Results | 26th January 2024 16:30,N/A,16:30,Standard,1m 2f 150y,Sky Legend,J M Sheridan,0,D Hogan,1st,N/A,5,9-10tp,-,True,99,37
Dundalk Racing Results | 26th January 2024 16:30,N/A,16:30,Standard,1m 2f 150y,Quick Blessing (IRE),W Joyce,5,C Moore,14th,5 1/2 l,4,9-11t,-,True,99,37
Dundalk Racing Results | 26th January 2024 16:30,N/A,16:30,Standard,1m 2f 150y,Liquid Metric,R P Whelan,0,A McCann,13th,1 1/2 l,5,10-2tb,-,True,99,37
Dundalk Racing Results | 26th January 2024 16:30,N/A,16:30,Standard,1m 2f 150y,Chica Linda (IRE),G M Ryan,0,M Fahey,12th,1/2 l,4,9-3p,-,True,99,37
Dundalk Racing Results | 26th January 2024 16:30,N/A,16:30,Standard,1m 2f 150y,North Dorset,K G Kennedy,7,Mrs J Harrington,11th,1 1/2 l,4,9-5t1,-,True,99,37
Dundalk Racing Results | 26th January 2024 16:30,N/A,16:30,Standard,1m 2f 150y,Jomont (FR),S Foley,0,H D McGuigan,10th,Neck,7,9-10tb,-,True,99,37
Dundalk Racing Results | 26th January 2024 16:30,N/A,16:30,Standard,1m 2f 150y,Overstate,J A Heffernan,0,D Hogan,9th,Head,5,9-8p,-,True,99,37
Dundalk Racing Results | 26th January 2024 16:30,N/A,16:30,Standard,1m 2f 150y,In The Cheap Seats,D P McDonogh,0,R K Watson,8th,1 l,6,9-4,-,True,99,37
Dundalk Racing Results | 26th January 2024 16:30,N/A,16:30,Standard,1m 2f 150y,General Idea,D McMonagle,0,Ian Donoghue,7th,1/2 l,5,10-2tv1,-,True,99,37
Dundalk Racing Results | 26th January 2024 16:30,N/A,16:30,Standard,1m 2f 150y,Cursory Exam,S T McCullagh,3,D Bunyan & G O'Leary,6th,3 1/4 l,6,10-0,-,True,99,37
Dundalk Racing Results | 26th January 2024 16:30,N/A,16:30,Standard,1m 2f 150y,Neddies Boy (IRE),O McSweeney,5,R P Burns,5th,1/2 l,6,9-12b1,-,True,99,37
Dundalk Racing Results | 26th January 2024 16:30,N/A,16:30,Standard,1m 2f 150y,Kiwi Kiss (FR),G F Carroll,0,G P Cromwell,4th,3/4 l,8,9-12,-,True,99,37
Dundalk Racing Results | 26th January 2024 16:30,N/A,16:30,Standard,1m 2f 150y,Victory Star,C J MacRedmond,5,Kevin Coleman,3rd,Neck,7,9-8,-,True,99,37
Dundalk Racing Results | 26th January 2024 16:30,N/A,16:30,Standard,1m 2f 150y,Darkened (IRE),D King,5,D Hogan,2nd,3 l,8,10-2tb,-,True,99,37
Dundalk Racing Results | 26th January 2024 16:30,N/A,16:30,Standard,1m 2f 150y,Sky Legend,J M Sheridan,0,D Hogan,1st,N/A,5,9-10tp,-,True,99,37
Dundalk Racing Results | 26th January 2024 17:00,N/A,17:00,Standard,1m 2f 150y,Boom Boom Boom,S P Davis,0,C Byrnes,7th,9 1/2 l,7,9-6p,-,True,99,38
Dundalk Racing Results | 26th January 2024 17:00,N/A,17:00,Standard,1m 2f 150y,Linden Lady (AUS),C J MacRedmond,5,A McGuinness,6th,9 l,5,9-1,-,True,99,38
Dundalk Racing Results | 26th January 2024 17:00,N/A,17:00,Standard,1m 2f 150y,San Andreas (IRE),H J Horgan,5,J P O'Brien,5th,1 1/2 l,8,9-6,-,True,99,38
Dundalk Racing Results | 26th January 2024 17:00,N/A,17:00,Standard,1m 2f 150y,Star Harbour (IRE),R P Whelan,0,A McGuinness,4th,1/2 l,6,9-6,-,True,99,38
Dundalk Racing Results | 26th January 2024 17:00,N/A,17:00,Standard,1m 2f 150y,Freescape,W J Lee,0,D Marnane,3rd,1 3/4 l,9,9-6,-,True,99,38
Dundalk Racing Results | 26th January 2024 17:00,N/A,17:00,Standard,1m 2f 150y,Tyson Fury,J M Sheridan,0,D Hogan,2nd,3 1/2 l,7,9-6p1,-,True,99,38
Dundalk Racing Results | 26th January 2024 17:00,N/A,17:00,Standard,1m 2f 150y,Elegant Man (USA),M P Sheehy,0,A Murray,1st,N/A,4,9-5,-,True,99,38
Dundalk Racing Results | 26th January 2024 17:00,N/A,17:00,Standard,1m 2f 150y,Boom Boom Boom,S P Davis,0,C Byrnes,7th,9 1/2 l,7,9-6p,-,True,99,38
Dundalk Racing Results | 26th January 2024 17:00,N/A,17:00,Standard,1m 2f 150y,Linden Lady (AUS),C J MacRedmond,5,A McGuinness,6th,9 l,5,9-1,-,True,99,38
Dundalk Racing Results | 26th January 2024 17:00,N/A,17:00,Standard,1m 2f 150y,San Andreas (IRE),H J Horgan,5,J P O'Brien,5th,1 1/2 l,8,9-6,-,True,99,38
Dundalk Racing Results | 26th January 2024 17:00,N/A,17:00,Standard,1m 2f 150y,Star Harbour (IRE),R P Whelan,0,A McGuinness,4th,1/2 l,6,9-6,-,True,99,38
Dundalk Racing Results | 26th January 2024 17:00,N/A,17:00,Standard,1m 2f 150y,Freescape,W J Lee,0,D Marnane,3rd,1 3/4 l,9,9-6,-,True,99,38
Dundalk Racing Results | 26th January 2024 17:00,N/A,17:00,Standard,1m 2f 150y,Tyson Fury,J M Sheridan,0,D Hogan,2nd,3 1/2 l,7,9-6p1,-,True,99,38
Dundalk Racing Results | 26th January 2024 17:00,N/A,17:00,Standard,1m 2f 150y,Elegant Man (USA),M P Sheehy,0,A Murray,1st,N/A,4,9-5,-,True,99,38
Dundalk Racing Results | 26th January 2024 17:30,N/A,17:30,Standard,1m,Chimeric (IRE),D W O'Connor,0,J F Levins,14th,4 3/4 l,7,9-13p,59,True,99,39
Dundalk Racing Results | 26th January 2024 17:30,N/A,17:30,Standard,1m,Cold Cold Heart (IRE),W J Lee,0,L Comer,13th,Short Head,5,9-8,54,True,99,39
Dundalk Racing Results | 26th January 2024 17:30,N/A,17:30,Standard,1m,Barrys Rock (IRE),R P Cleary,0,A Mullins,12th,Short Head,9,9-8v,54,True,99,39
Dundalk Racing Results | 26th January 2024 17:30,N/A,17:30,Standard,1m,Princess Rajj (IRE),K G Kennedy,7,Mrs J Harrington,11th,Neck,5,9-2tp,48,True,99,39
Dundalk Racing Results | 26th January 2024 17:30,N/A,17:30,Standard,1m,The Gray Chapter (IRE),R P Whelan,0,L Smyth,10th,1 l,5,9-1h1,47,True,99,39
Dundalk Racing Results | 26th January 2024 17:30,N/A,17:30,Standard,1m,Sadiqaa (IRE),D McMonagle,0,H D McGuigan,9th,1/2 l,6,9-1v,47,True,99,39
Dundalk Racing Results | 26th January 2024 17:30,N/A,17:30,Standard,1m,Atlas (IRE),Alyse Jane Clarke,10,T G McCourt,8th,Neck,11,9-1v,47,True,99,39
Dundalk Racing Results | 26th January 2024 17:30,N/A,17:30,Standard,1m,Play It Again Zaam (IRE),C J MacRedmond,5,Conor Maxwell,7th,1/2 l,4,9-9p,55,True,99,39
Dundalk Racing Results | 26th January 2024 17:30,N/A,17:30,Standard,1m,Lynskey (IRE),W Joyce,5,Joseph Murray,6th,3/4 l,4,9-1p1,47,True,99,39
Dundalk Racing Results | 26th January 2024 17:30,N/A,17:30,Standard,1m,Hi Sur Multi,J A Heffernan,0,Paul Traynor,5th,Neck,7,9-9t,55,True,99,39
Dundalk Racing Results | 26th January 2024 17:30,N/A,17:30,Standard,1m,Big Dream (IRE),G M Ryan,0,A McCann,4th,Nose,6,9-8t,54,True,99,39
Dundalk Racing Results | 26th January 2024 17:30,N/A,17:30,Standard,1m,Gatsby Cap (IRE),H J Horgan,5,J C McConnell,3rd,Head,8,9-7tp,53,True,99,39
Dundalk Racing Results | 26th January 2024 17:30,N/A,17:30,Standard,1m,Hale Bopp (IRE),R C Colgan,0,R Donohoe,2nd,1 1/2 l,6,10-0,60,True,99,39
Dundalk Racing Results | 26th January 2024 17:30,N/A,17:30,Standard,1m,Roman Palace (IRE),D P McDonogh,0,L Comer,1st,N/A,5,9-3,49,True,99,39
Dundalk Racing Results | 26th January 2024 17:30,N/A,17:30,Standard,1m,Chimeric (IRE),D W O'Connor,0,J F Levins,14th,4 3/4 l,7,9-13p,59,True,99,39
Dundalk Racing Results | 26th January 2024 17:30,N/A,17:30,Standard,1m,Cold Cold Heart (IRE),W J Lee,0,L Comer,13th,Short Head,5,9-8,54,True,99,39
Dundalk Racing Results | 26th January 2024 17:30,N/A,17:30,Standard,1m,Barrys Rock (IRE),R P Cleary,0,A Mullins,12th,Short Head,9,9-8v,54,True,99,39
Dundalk Racing Results | 26th January 2024 17:30,N/A,17:30,Standard,1m,Princess Rajj (IRE),K G Kennedy,7,Mrs J Harrington,11th,Neck,5,9-2tp,48,True,99,39
Dundalk Racing Results | 26th January 2024 17:30,N/A,17:30,Standard,1m,The Gray Chapter (IRE),R P Whelan,0,L Smyth,10th,1 l,5,9-1h1,47,True,99,39
Dundalk Racing Results | 26th January 2024 17:30,N/A,17:30,Standard,1m,Sadiqaa (IRE),D McMonagle,0,H D McGuigan,9th,1/2 l,6,9-1v,47,True,99,39
Dundalk Racing Results | 26th January 2024 17:30,N/A,17:30,Standard,1m,Atlas (IRE),Alyse Jane Clarke,10,T G McCourt,8th,Neck,11,9-1v,47,True,99,39
Dundalk Racing Results | 26th January 2024 17:30,N/A,17:30,Standard,1m,Play It Again Zaam (IRE),C J MacRedmond,5,Conor Maxwell,7th,1/2 l,4,9-9p,55,True,99,39
Dundalk Racing Results | 26th January 2024 17:30,N/A,17:30,Standard,1m,Lynskey (IRE),W Joyce,5,Joseph Murray,6th,3/4 l,4,9-1p1,47,True,99,39
Dundalk Racing Results | 26th January 2024 17:30,N/A,17:30,Standard,1m,Hi Sur Multi,J A Heffernan,0,Paul Traynor,5th,Neck,7,9-9t,55,True,99,39
Dundalk Racing Results | 26th January 2024 17:30,N/A,17:30,Standard,1m,Big Dream (IRE),G M Ryan,0,A McCann,4th,Nose,6,9-8t,54,True,99,39
Dundalk Racing Results | 26th January 2024 17:30,N/A,17:30,Standard,1m,Gatsby Cap (IRE),H J Horgan,5,J C McConnell,3rd,Head,8,9-7tp,53,True,99,39
Dundalk Racing Results | 26th January 2024 17:30,N/A,17:30,Standard,1m,Hale Bopp (IRE),R C Colgan,0,R Donohoe,2nd,1 1/2 l,6,10-0,60,True,99,39
Dundalk Racing Results | 26th January 2024 17:30,N/A,17:30,Standard,1m,Roman Palace (IRE),D P McDonogh,0,L Comer,1st,N/A,5,9-3,49,True,99,39
Dundalk Racing Results | 26th January 2024 18:00,N/A,18:00,Standard,1m,Chancey Approach (IRE),C Horgan,7,M Kelly,14th,3/4 l,5,8-12tv,47,True,99,40
Dundalk Racing Results | 26th January 2024 18:00,N/A,18:00,Standard,1m,Catwalk Couture (IRE),G F Carroll,0,E & P Harty,13th,1/2 l,4,9-4b,53,True,99,40
Dundalk Racing Results | 26th January 2024 18:00,N/A,18:00,Standard,1m,Superior Council (IRE),D W O'Connor,0,J F Levins,12th,1 3/4 l,5,9-2p,51,True,99,40
Dundalk Racing Results | 26th January 2024 18:00,N/A,18:00,Standard,1m,One Aim (IRE),J A Heffernan,0,S G O'Donnell,11th,1 1/4 l,4,9-10,59,True,99,40
Dundalk Racing Results | 26th January 2024 18:00,N/A,18:00,Standard,1m,Summer Snow (IRE),S R Markey,10,R O'Sullivan,10th,Neck,4,9-3v1,52,True,99,40
Dundalk Racing Results | 26th January 2024 18:00,N/A,18:00,Standard,1m,Bucky Larson (IRE),D McMonagle,0,R Donohoe,9th,3/4 l,9,9-12,61,True,99,40
Dundalk Racing Results | 26th January 2024 18:00,N/A,18:00,Standard,1m,Boomerang Bill (IRE),J Cleary,7,A A Howard,8th,1 1/2 l,5,8-12,47,True,99,40
Dundalk Racing Results | 26th January 2024 18:00,N/A,18:00,Standard,1m,Fleetfootsoldier (IRE),C J MacRedmond,5,Kevin Coleman,7th,Neck,4,10-1,64,True,99,40
Dundalk Racing Results | 26th January 2024 18:00,N/A,18:00,Standard,1m,Feature This (IRE),S Foley,0,P W Flynn,6th,1 1/2 l,5,9-13tp,62,True,99,40
Dundalk Racing Results | 26th January 2024 18:00,N/A,18:00,Standard,1m,Zahee (IRE),K G Kennedy,7,J C McConnell,5th,Neck,9,9-9ht,58,True,99,40
Dundalk Racing Results | 26th January 2024 18:00,N/A,18:00,Standard,1m,Sunset Nova (IRE),D P McDonogh,0,A Slattery,4th,1/2 l,8,9-3v,52,True,99,40
Dundalk Racing Results | 26th January 2024 18:00,N/A,18:00,Standard,1m,Trishuli River (IRE),H J Horgan,5,S Crawley,3rd,2 1/4 l,4,9-9t,58,True,99,40
Dundalk Racing Results | 26th January 2024 18:00,N/A,18:00,Standard,1m,Rock Basher (IRE),O McSweeney,5,L Comer,2nd,1 l,5,9-4,53,True,99,40
Dundalk Racing Results | 26th January 2024 18:00,N/A,18:00,Standard,1m,Ferrybank,W J Lee,0,T M Walsh,1st,N/A,6,9-4t,53,True,99,40
Dundalk Racing Results | 26th January 2024 18:00,N/A,18:00,Standard,1m,Chancey Approach (IRE),C Horgan,7,M Kelly,14th,3/4 l,5,8-12tv,47,True,99,40
Dundalk Racing Results | 26th January 2024 18:00,N/A,18:00,Standard,1m,Catwalk Couture (IRE),G F Carroll,0,E & P Harty,13th,1/2 l,4,9-4b,53,True,99,40
Dundalk Racing Results | 26th January 2024 18:00,N/A,18:00,Standard,1m,Superior Council (IRE),D W O'Connor,0,J F Levins,12th,1 3/4 l,5,9-2p,51,True,99,40
Dundalk Racing Results | 26th January 2024 18:00,N/A,18:00,Standard,1m,One Aim (IRE),J A Heffernan,0,S G O'Donnell,11th,1 1/4 l,4,9-10,59,True,99,40
Dundalk Racing Results | 26th January 2024 18:00,N/A,18:00,Standard,1m,Summer Snow (IRE),S R Markey,10,R O'Sullivan,10th,Neck,4,9-3v1,52,True,99,40
Dundalk Racing Results | 26th January 2024 18:00,N/A,18:00,Standard,1m,Bucky Larson (IRE),D McMonagle,0,R Donohoe,9th,3/4 l,9,9-12,61,True,99,40
Dundalk Racing Results | 26th January 2024 18:00,N/A,18:00,Standard,1m,Boomerang Bill (IRE),J Cleary,7,A A Howard,8th,1 1/2 l,5,8-12,47,True,99,40
Dundalk Racing Results | 26th January 2024 18:00,N/A,18:00,Standard,1m,Fleetfootsoldier (IRE),C J MacRedmond,5,Kevin Coleman,7th,Neck,4,10-1,64,True,99,40
Dundalk Racing Results | 26th January 2024 18:00,N/A,18:00,Standard,1m,Feature This (IRE),S Foley,0,P W Flynn,6th,1 1/2 l,5,9-13tp,62,True,99,40
Dundalk Racing Results | 26th January 2024 18:00,N/A,18:00,Standard,1m,Zahee (IRE),K G Kennedy,7,J C McConnell,5th,Neck,9,9-9ht,58,True,99,40
Dundalk Racing Results | 26th January 2024 18:00,N/A,18:00,Standard,1m,Sunset Nova (IRE),D P McDonogh,0,A Slattery,4th,1/2 l,8,9-3v,52,True,99,40
Dundalk Racing Results | 26th January 2024 18:00,N/A,18:00,Standard,1m,Trishuli River (IRE),H J Horgan,5,S Crawley,3rd,2 1/4 l,4,9-9t,58,True,99,40
Dundalk Racing Results | 26th January 2024 18:00,N/A,18:00,Standard,1m,Rock Basher (IRE),O McSweeney,5,L Comer,2nd,1 l,5,9-4,53,True,99,40
Dundalk Racing Results | 26th January 2024 18:00,N/A,18:00,Standard,1m,Ferrybank,W J Lee,0,T M Walsh,1st,N/A,6,9-4t,53,True,99,40
Dundalk Racing Results | 26th January 2024 18:30,N/A,18:30,Standard,1m,Butterfly Bush (IRE),W J Lee,0,N Lupini,10th,4 3/4 l,3,9-4,72,True,99,41
Dundalk Racing Results | 26th January 2024 18:30,N/A,18:30,Standard,1m,Exceeding (IRE),C Horgan,7,A Slattery,9th,1 1/4 l,3,9-4,72,True,99,41
Dundalk Racing Results | 26th January 2024 18:30,N/A,18:30,Standard,1m,Gregorina (IRE),W Joyce,5,A McGuinness,8th,1 l,3,8-7v,61,True,99,41
Dundalk Racing Results | 26th January 2024 18:30,N/A,18:30,Standard,1m,Old Mexican (IRE),D McMonagle,0,L Comer,7th,3/4 l,3,9-2,70,True,99,41
Dundalk Racing Results | 26th January 2024 18:30,N/A,18:30,Standard,1m,Blue Soul (IRE),G F Carroll,0,G M Lyons,6th,2 l,3,9-4,72,True,99,41
Dundalk Racing Results | 26th January 2024 18:30,N/A,18:30,Standard,1m,Alabama Calling (IRE),R C Colgan,0,D Marnane,5th,1/2 l,3,8-12,66,True,99,41
Dundalk Racing Results | 26th January 2024 18:30,N/A,18:30,Standard,1m,Pomeriggio (IRE),S Foley,0,Mrs J Harrington,4th,Neck,3,9-4,72,True,99,41
Dundalk Racing Results | 26th January 2024 18:30,N/A,18:30,Standard,1m,Alto Sax (IRE),G P Halpin,0,G M Lyons,3rd,1 1/2 l,3,9-1,69,True,99,41
Dundalk Racing Results | 26th January 2024 18:30,N/A,18:30,Standard,1m,Special Angel (IRE),J M Sheridan,0,A Murray,2nd,2 1/4 l,3,8-9,63,True,99,41
Dundalk Racing Results | 26th January 2024 18:30,N/A,18:30,Standard,1m,Bergamasco (IRE),R P Whelan,0,J Davison,1st,N/A,3,9-12,80,True,99,41
Dundalk Racing Results | 26th January 2024 18:30,N/A,18:30,Standard,1m,Butterfly Bush (IRE),W J Lee,0,N Lupini,10th,4 3/4 l,3,9-4,72,True,99,41
Dundalk Racing Results | 26th January 2024 18:30,N/A,18:30,Standard,1m,Exceeding (IRE),C Horgan,7,A Slattery,9th,1 1/4 l,3,9-4,72,True,99,41
Dundalk Racing Results | 26th January 2024 18:30,N/A,18:30,Standard,1m,Gregorina (IRE),W Joyce,5,A McGuinness,8th,1 l,3,8-7v,61,True,99,41
Dundalk Racing Results | 26th January 2024 18:30,N/A,18:30,Standard,1m,Old Mexican (IRE),D McMonagle,0,L Comer,7th,3/4 l,3,9-2,70,True,99,41
Dundalk Racing Results | 26th January 2024 18:30,N/A,18:30,Standard,1m,Blue Soul (IRE),G F Carroll,0,G M Lyons,6th,2 l,3,9-4,72,True,99,41
Dundalk Racing Results | 26th January 2024 18:30,N/A,18:30,Standard,1m,Alabama Calling (IRE),R C Colgan,0,D Marnane,5th,1/2 l,3,8-12,66,True,99,41
Dundalk Racing Results | 26th January 2024 18:30,N/A,18:30,Standard,1m,Pomeriggio (IRE),S Foley,0,Mrs J Harrington,4th,Neck,3,9-4,72,True,99,41
Dundalk Racing Results | 26th January 2024 18:30,N/A,18:30,Standard,1m,Alto Sax (IRE),G P Halpin,0,G M Lyons,3rd,1 1/2 l,3,9-1,69,True,99,41
Dundalk Racing Results | 26th January 2024 18:30,N/A,18:30,Standard,1m,Special Angel (IRE),J M Sheridan,0,A Murray,2nd,2 1/4 l,3,8-9,63,True,99,41
Dundalk Racing Results | 26th January 2024 18:30,N/A,18:30,Standard,1m,Bergamasco (IRE),R P Whelan,0,J Davison,1st,N/A,3,9-12,80,True,99,41
Dundalk Racing Results | 26th January 2024 19:00,N/A,19:00,Standard,7f,Tennessee Gal (IRE),K G Kennedy,7,M Halford & T Collins,NR,N/A,4,9-4b1,-,True,99,42
Dundalk Racing Results | 26th January 2024 19:00,N/A,19:00,Standard,7f,Hue Kyllachy (IRE),O McSweeney,0,N G Hynds,14th,13 l,7,9-9,-,True,99,42
Dundalk Racing Results | 26th January 2024 19:00,N/A,19:00,Standard,7f,Cage Rattler (IRE),Kyanna Van Buuren,7,J A Kinsella,13th,1 1/4 l,4,9-9,-,True,99,42
Dundalk Racing Results | 26th January 2024 19:00,N/A,19:00,Standard,7f,Chopsticks (IRE),C Horgan,7,S M Duffy,12th,Neck,4,9-9,-,True,99,42
Dundalk Racing Results | 26th January 2024 19:00,N/A,19:00,Standard,7f,Spring Collection,Sorcha Woods,7,D H Kelly,11th,Neck,4,9-4,-,True,99,42
Dundalk Racing Results | 26th January 2024 19:00,N/A,19:00,Standard,7f,Gianh River (IRE),W Joyce,2,L Smyth,10th,Neck,4,9-9,-,True,99,42
Dundalk Racing Results | 26th January 2024 19:00,N/A,19:00,Standard,7f,Inverbrena (IRE),R M Mulligan,7,D Harvey,9th,1/2 l,6,9-4,-,True,99,42
Dundalk Racing Results | 26th January 2024 19:00,N/A,19:00,Standard,7f,Gallo Dell Cielo (IRE),R Donaghue-Leahy,7,P J Flynn,8th,3 l,4,9-9,-,True,99,42
Dundalk Racing Results | 26th January 2024 19:00,N/A,19:00,Standard,7f,Bungle Inthedesert (IRE),D A Kidd,7,J C McConnell,7th,1 3/4 l,5,9-9,-,True,99,42
Dundalk Racing Results | 26th January 2024 19:00,N/A,19:00,Standard,7f,Shanadar (IRE),S T McCullagh,0,M Halford & T Collins,6th,1/2 l,4,9-9,-,True,99,42
Dundalk Racing Results | 26th January 2024 19:00,N/A,19:00,Standard,7f,Come On The Lads (IRE),J Cleary,4,J Davison,5th,1 1/4 l,4,9-9p,-,True,99,42
Dundalk Racing Results | 26th January 2024 19:00,N/A,19:00,Standard,7f,Charlie Brow'n (FR),K G Kennedy,7,T J O'Mara,4th,1/2 l,4,9-9,-,True,99,42
Dundalk Racing Results | 26th January 2024 19:00,N/A,19:00,Standard,7f,Local Girl (IRE),C J MacRedmond,0,K J Condon,3rd,Neck,4,9-4,-,True,99,42
Dundalk Racing Results | 26th January 2024 19:00,N/A,19:00,Standard,7f,Expound,D King,0,D Hogan,2nd,Head,5,9-9tp1,-,True,99,42
Dundalk Racing Results | 26th January 2024 19:00,N/A,19:00,Standard,7f,Miqdaad (IRE),H J Horgan,2,D Hogan,1st,N/A,4,9-9p1,-,True,99,42
Dundalk Racing Results | 26th January 2024 19:00,N/A,19:00,Standard,7f,Tennessee Gal (IRE),K G Kennedy,7,M Halford & T Collins,NR,N/A,4,9-4b1,-,True,99,42
Dundalk Racing Results | 26th January 2024 19:00,N/A,19:00,Standard,7f,Hue Kyllachy (IRE),O McSweeney,0,N G Hynds,14th,13 l,7,9-9,-,True,99,42
Dundalk Racing Results | 26th January 2024 19:00,N/A,19:00,Standard,7f,Cage Rattler (IRE),Kyanna Van Buuren,7,J A Kinsella,13th,1 1/4 l,4,9-9,-,True,99,42
Dundalk Racing Results | 26th January 2024 19:00,N/A,19:00,Standard,7f,Chopsticks (IRE),C Horgan,7,S M Duffy,12th,Neck,4,9-9,-,True,99,42
Dundalk Racing Results | 26th January 2024 19:00,N/A,19:00,Standard,7f,Spring Collection,Sorcha Woods,7,D H Kelly,11th,Neck,4,9-4,-,True,99,42
Dundalk Racing Results | 26th January 2024 19:00,N/A,19:00,Standard,7f,Gianh River (IRE),W Joyce,2,L Smyth,10th,Neck,4,9-9,-,True,99,42
Dundalk Racing Results | 26th January 2024 19:00,N/A,19:00,Standard,7f,Inverbrena (IRE),R M Mulligan,7,D Harvey,9th,1/2 l,6,9-4,-,True,99,42
Dundalk Racing Results | 26th January 2024 19:00,N/A,19:00,Standard,7f,Gallo Dell Cielo (IRE),R Donaghue-Leahy,7,P J Flynn,8th,3 l,4,9-9,-,True,99,42
Dundalk Racing Results | 26th January 2024 19:00,N/A,19:00,Standard,7f,Bungle Inthedesert (IRE),D A Kidd,7,J C McConnell,7th,1 3/4 l,5,9-9,-,True,99,42
Dundalk Racing Results | 26th January 2024 19:00,N/A,19:00,Standard,7f,Shanadar (IRE),S T McCullagh,0,M Halford & T Collins,6th,1/2 l,4,9-9,-,True,99,42
Dundalk Racing Results | 26th January 2024 19:00,N/A,19:00,Standard,7f,Come On The Lads (IRE),J Cleary,4,J Davison,5th,1 1/4 l,4,9-9p,-,True,99,42
Dundalk Racing Results | 26th January 2024 19:00,N/A,19:00,Standard,7f,Charlie Brow'n (FR),K G Kennedy,7,T J O'Mara,4th,1/2 l,4,9-9,-,True,99,42
Dundalk Racing Results | 26th January 2024 19:00,N/A,19:00,Standard,7f,Local Girl (IRE),C J MacRedmond,0,K J Condon,3rd,Neck,4,9-4,-,True,99,42
Dundalk Racing Results | 26th January 2024 19:00,N/A,19:00,Standard,7f,Expound,D King,0,D Hogan,2nd,Head,5,9-9tp1,-,True,99,42
Dundalk Racing Results | 26th January 2024 19:00,N/A,19:00,Standard,7f,Miqdaad (IRE),H J Horgan,2,D Hogan,1st,N/A,4,9-9p1,-,True,99,42
Dundalk Racing Results | 26th January 2024 19:30,N/A,19:30,Standard,7f,Sir Sagacious (IRE),J A Heffernan,0,W P Browne,NR,N/A,3,9-8,-,True,99,43
Dundalk Racing Results | 26th January 2024 19:30,N/A,19:30,Standard,7f,Dreamline Amelia,K J Leonard,0,E McCarthy,14th,5 1/2 l,3,9-3,-,True,99,43
Dundalk Racing Results | 26th January 2024 19:30,N/A,19:30,Standard,7f,Waystar (IRE),D W O'Connor,0,J C McConnell,13th,1/2 l,3,9-3,-,True,99,43
Dundalk Racing Results | 26th January 2024 19:30,N/A,19:30,Standard,7f,Albion Power (IRE),G M Ryan,0,K H Clarke,12th,3/4 l,3,9-8,-,True,99,43
Dundalk Racing Results | 26th January 2024 19:30,N/A,19:30,Standard,7f,My Mate Tony (IRE),D P McDonogh,0,J P O'Brien,11th,1/2 l,3,9-8,-,True,99,43
Dundalk Racing Results | 26th January 2024 19:30,N/A,19:30,Standard,7f,Sylkie,J M Sheridan,0,J A Stack,10th,3/4 l,3,9-3,-,True,99,43
Dundalk Racing Results | 26th January 2024 19:30,N/A,19:30,Standard,7f,Lismacbryan Hill (IRE),R C Colgan,0,P Magee,9th,Neck,3,9-3t1,-,True,99,43
Dundalk Racing Results | 26th January 2024 19:30,N/A,19:30,Standard,7f,Dark Blue Diamond (IRE),W J Lee,0,D Hogan,8th,Short Head,3,9-8,-,True,99,43
Dundalk Racing Results | 26th January 2024 19:30,N/A,19:30,Standard,7f,Whatswrongnow (IRE),R P Whelan,0,K P Cotter,7th,2 3/4 l,3,9-8,-,True,99,43
Dundalk Racing Results | 26th January 2024 19:30,N/A,19:30,Standard,7f,I Bid You Ajou (FR),G F Carroll,0,M O'Callaghan,6th,1/2 l,3,9-8,-,True,99,43
Dundalk Racing Results | 26th January 2024 19:30,N/A,19:30,Standard,7f,Genesis (IRE),R P Cleary,0,Barry J Fitzgerald,5th,Head,3,9-8,-,True,99,43
Dundalk Racing Results | 26th January 2024 19:30,N/A,19:30,Standard,7f,Sobriety Blue (IRE),S Foley,0,A Slattery,4th,1/2 l,3,9-8,-,True,99,43
Dundalk Racing Results | 26th January 2024 19:30,N/A,19:30,Standard,7f,Punta Coco (IRE),J A Heffernan,0,N Lupini,3rd,2 l,3,9-3,-,True,99,43
Dundalk Racing Results | 26th January 2024 19:30,N/A,19:30,Standard,7f,Emerald Eclipse (IRE),D McMonagle,0,J P O'Brien,2nd,1/2 l,3,9-8,-,True,99,43
Dundalk Racing Results | 26th January 2024 19:30,N/A,19:30,Standard,7f,Manhattan Dreamer (USA),M P Sheehy,0,A Murray,1st,N/A,3,9-3,-,True,99,43
Dundalk Racing Results | 26th January 2024 19:30,N/A,19:30,Standard,7f,Sir Sagacious (IRE),J A Heffernan,0,W P Browne,NR,N/A,3,9-8,-,True,99,43
Dundalk Racing Results | 26th January 2024 19:30,N/A,19:30,Standard,7f,Dreamline Amelia,K J Leonard,0,E McCarthy,14th,5 1/2 l,3,9-3,-,True,99,43
Dundalk Racing Results | 26th January 2024 19:30,N/A,19:30,Standard,7f,Waystar (IRE),D W O'Connor,0,J C McConnell,13th,1/2 l,3,9-3,-,True,99,43
Dundalk Racing Results | 26th January 2024 19:30,N/A,19:30,Standard,7f,Albion Power (IRE),G M Ryan,0,K H Clarke,12th,3/4 l,3,9-8,-,True,99,43
Dundalk Racing Results | 26th January 2024 19:30,N/A,19:30,Standard,7f,My Mate Tony (IRE),D P McDonogh,0,J P O'Brien,11th,1/2 l,3,9-8,-,True,99,43
Dundalk Racing Results | 26th January 2024 19:30,N/A,19:30,Standard,7f,Sylkie,J M Sheridan,0,J A Stack,10th,3/4 l,3,9-3,-,True,99,43
Dundalk Racing Results | 26th January 2024 19:30,N/A,19:30,Standard,7f,Lismacbryan Hill (IRE),R C Colgan,0,P Magee,9th,Neck,3,9-3t1,-,True,99,43
Dundalk Racing Results | 26th January 2024 19:30,N/A,19:30,Standard,7f,Dark Blue Diamond (IRE),W J Lee,0,D Hogan,8th,Short Head,3,9-8,-,True,99,43
Dundalk Racing Results | 26th January 2024 19:30,N/A,19:30,Standard,7f,Whatswrongnow (IRE),R P Whelan,0,K P Cotter,7th,2 3/4 l,3,9-8,-,True,99,43
Dundalk Racing Results | 26th January 2024 19:30,N/A,19:30,Standard,7f,I Bid You Ajou (FR),G F Carroll,0,M O'Callaghan,6th,1/2 l,3,9-8,-,True,99,43
Dundalk Racing Results | 26th January 2024 19:30,N/A,19:30,Standard,7f,Genesis (IRE),R P Cleary,0,Barry J Fitzgerald,5th,Head,3,9-8,-,True,99,43
Dundalk Racing Results | 26th January 2024 19:30,N/A,19:30,Standard,7f,Sobriety Blue (IRE),S Foley,0,A Slattery,4th,1/2 l,3,9-8,-,True,99,43
Dundalk Racing Results | 26th January 2024 19:30,N/A,19:30,Standard,7f,Punta Coco (IRE),J A Heffernan,0,N Lupini,3rd,2 l,3,9-3,-,True,99,43
Dundalk Racing Results | 26th January 2024 19:30,N/A,19:30,Standard,7f,Emerald Eclipse (IRE),D McMonagle,0,J P O'Brien,2nd,1/2 l,3,9-8,-,True,99,43
Dundalk Racing Results | 26th January 2024 19:30,N/A,19:30,Standard,7f,Manhattan Dreamer (USA),M P Sheehy,0,A Murray,1st,N/A,3,9-3,-,True,99,43
N/A,N/A,13:05,Soft,2m 1f 65y,Mc Alpine (IRE),J P O'Sullivan,3,P J Rothwell,F,N/A,10,11-8t,112,True,99,44
N/A,N/A,13:05,Soft,2m 1f 65y,Chainofconsequence (IRE),Mr A P Ryan,7,M J McDonagh,9th,7 l,7,10-6b,96,True,99,44
N/A,N/A,13:05,Soft,2m 1f 65y,Sunnyvilla (IRE),S F O'Keeffe,0,D Hassett,8th,5 l,9,11-4,108,True,99,44
N/A,N/A,13:05,Soft,2m 1f 65y,Teescomponentsyess (IRE),J S McGarvey,0,J J Hanlon,7th,4 l,8,11-1tp,105,True,99,44
N/A,N/A,13:05,Soft,2m 1f 65y,Henning (IRE),D King,3,D Hogan,6th,1/2 l,7,11-8,112,True,99,44
N/A,N/A,13:05,Soft,2m 1f 65y,Steppenwolf (FR),K E Buckley,0,G P Cromwell,5th,7 l,6,11-7tp1,111,True,99,44
N/A,N/A,13:05,Soft,2m 1f 65y,Battle It Out (IRE),C G O'Dwyer,5,C O'Dwyer,4th,1 1/4 l,6,11-12h,116,True,99,44
N/A,N/A,13:05,Soft,2m 1f 65y,Freddie Robdal (IRE),Rachael Blackmore,0,H De Bromhead,3rd,2 1/2 l,7,11-1t,105,True,99,44
N/A,N/A,13:05,Soft,2m 1f 65y,Battle Of Ridgeway (IRE),L A McKenna,5,M Hassett,2nd,3 1/4 l,6,11-10t,114,True,99,44
N/A,N/A,13:05,Soft,2m 1f 65y,Midnight It Is,S W Flanagan,0,G P Cromwell,1st,N/A,8,11-8,112,True,99,44
N/A,N/A,13:05,Soft,2m 1f 65y,Mc Alpine (IRE),J P O'Sullivan,3,P J Rothwell,F,N/A,10,11-8t,112,True,99,44
N/A,N/A,13:05,Soft,2m 1f 65y,Chainofconsequence (IRE),Mr A P Ryan,7,M J McDonagh,9th,7 l,7,10-6b,96,True,99,44
N/A,N/A,13:05,Soft,2m 1f 65y,Sunnyvilla (IRE),S F O'Keeffe,0,D Hassett,8th,5 l,9,11-4,108,True,99,44
N/A,N/A,13:05,Soft,2m 1f 65y,Teescomponentsyess (IRE),J S McGarvey,0,J J Hanlon,7th,4 l,8,11-1tp,105,True,99,44
N/A,N/A,13:05,Soft,2m 1f 65y,Henning (IRE),D King,3,D Hogan,6th,1/2 l,7,11-8,112,True,99,44
N/A,N/A,13:05,Soft,2m 1f 65y,Steppenwolf (FR),K E Buckley,0,G P Cromwell,5th,7 l,6,11-7tp1,111,True,99,44
N/A,N/A,13:05,Soft,2m 1f 65y,Battle It Out (IRE),C G O'Dwyer,5,C O'Dwyer,4th,1 1/4 l,6,11-12h,116,True,99,44
N/A,N/A,13:05,Soft,2m 1f 65y,Freddie Robdal (IRE),Rachael Blackmore,0,H De Bromhead,3rd,2 1/2 l,7,11-1t,105,True,99,44
N/A,N/A,13:05,Soft,2m 1f 65y,Battle Of Ridgeway (IRE),L A McKenna,5,M Hassett,2nd,3 1/4 l,6,11-10t,114,True,99,44
N/A,N/A,13:05,Soft,2m 1f 65y,Midnight It Is,S W Flanagan,0,G P Cromwell,1st,N/A,8,11-8,112,True,99,44
N/A,N/A,14:50,Soft,2m,Touch Me Not (IRE),Sam Ewing,0,G Elliott,NR,N/A,5,11-12,-,True,99,47
N/A,N/A,14:50,Soft,2m,Duke Of Doyen (IRE),J G Gilligan,7,Darren Collins,PU,N/A,9,11-12,-,True,99,47
N/A,N/A,14:50,Soft,2m,Get It Right (IRE),M P O'Connor,3,S Aherne,PU,N/A,6,11-12,-,True,99,47
N/A,N/A,14:50,Soft,2m,Lake Manzaleh,C D Maxwell,0,P Griffin,9th,13 l,5,11-12t,-,True,99,47
N/A,N/A,14:50,Soft,2m,Fremantle Doctor (IRE),S D Torrens,0,J C McConnell,8th,2 3/4 l,6,11-12t1,-,True,99,47
N/A,N/A,14:50,Soft,2m,Stagecoach Mary (IRE),K C Sexton,0,G B Caldwell,7th,3 3/4 l,6,11-5h,-,True,99,47
N/A,N/A,14:50,Soft,2m,Red Glory (IRE),Rachael Blackmore,0,H De Bromhead,6th,17 l,6,11-12,-,True,99,47
N/A,N/A,14:50,Soft,2m,Collaborative (IRE),P T Enright,0,O McKiernan,5th,6 1/2 l,4,10-13,-,True,99,47
N/A,N/A,14:50,Soft,2m,Houlanbatordechais (FR),S F O'Keeffe,0,W P Mullins,4th,6 l,7,11-12h,-,True,99,47
N/A,N/A,14:50,Soft,2m,Undeniable Alibi (FR),J W Kennedy,0,G Elliott,3rd,14 l,5,11-12,-,True,99,47
N/A,N/A,14:50,Soft,2m,Shoot The Blues,M J M O'Sullivan,0,B Connell,2nd,7 l,7,11-12,-,True,99,47
N/A,N/A,14:50,Soft,2m,Western Diego (IRE),B Hayes,0,W P Mullins,1st,N/A,7,11-12h,-,True,99,47
N/A,N/A,14:50,Soft,2m,Touch Me Not (IRE),Sam Ewing,0,G Elliott,NR,N/A,5,11-12,-,True,99,47
N/A,N/A,14:50,Soft,2m,Duke Of Doyen (IRE),J G Gilligan,7,Darren Collins,PU,N/A,9,11-12,-,True,99,47
N/A,N/A,14:50,Soft,2m,Get It Right (IRE),M P O'Connor,3,S Aherne,PU,N/A,6,11-12,-,True,99,47
N/A,N/A,14:50,Soft,2m,Lake Manzaleh,C D Maxwell,0,P Griffin,9th,13 l,5,11-12t,-,True,99,47
N/A,N/A,14:50,Soft,2m,Fremantle Doctor (IRE),S D Torrens,0,J C McConnell,8th,2 3/4 l,6,11-12t1,-,True,99,47
N/A,N/A,14:50,Soft,2m,Stagecoach Mary (IRE),K C Sexton,0,G B Caldwell,7th,3 3/4 l,6,11-5h,-,True,99,47
N/A,N/A,14:50,Soft,2m,Red Glory (IRE),Rachael Blackmore,0,H De Bromhead,6th,17 l,6,11-12,-,True,99,47
N/A,N/A,14:50,Soft,2m,Collaborative (IRE),P T Enright,0,O McKiernan,5th,6 1/2 l,4,10-13,-,True,99,47
N/A,N/A,14:50,Soft,2m,Houlanbatordechais (FR),S F O'Keeffe,0,W P Mullins,4th,6 l,7,11-12h,-,True,99,47
N/A,N/A,14:50,Soft,2m,Undeniable Alibi (FR),J W Kennedy,0,G Elliott,3rd,14 l,5,11-12,-,True,99,47
N/A,N/A,14:50,Soft,2m,Shoot The Blues,M J M O'Sullivan,0,B Connell,2nd,7 l,7,11-12,-,True,99,47
N/A,N/A,14:50,Soft,2m,Western Diego (IRE),B Hayes,0,W P Mullins,1st,N/A,7,11-12h,-,True,99,47
N/A,N/A,15:25,Soft,2m 4f 65y,Our Chezney (IRE),C D Smithers,7,Ms H P Markham,PU,N/A,8,11-12,-,True,99,48
N/A,N/A,15:25,Soft,2m 4f 65y,Time For Tea (IRE),Rachael Blackmore,0,H De Bromhead,PU,N/A,5,11-5,-,True,99,48
N/A,N/A,15:25,Soft,2m 4f 65y,I Owe You One (IRE),Mr A D Bustin,7,C Byrnes,PU,N/A,5,11-12,-,True,99,48
N/A,N/A,15:25,Soft,2m 4f 65y,Killeavy Rose (IRE),P Byrnes,5,C Byrnes,PU,N/A,6,11-5,-,True,99,48
N/A,N/A,15:25,Soft,2m 4f 65y,French Hill (IRE),D King,3,D Hogan,10th,74 l,5,11-5,-,True,99,48
N/A,N/A,15:25,Soft,2m 4f 65y,Snow Punt (IRE),D J O'Keeffe,0,Brendan Walsh,9th,1/2 l,7,11-12,-,True,99,48
N/A,N/A,15:25,Soft,2m 4f 65y,Good Lad (IRE),J S McGarvey,0,J J Hanlon,8th,35 l,5,11-12,-,True,99,48
N/A,N/A,15:25,Soft,2m 4f 65y,Only A Dollar (IRE),S F O'Keeffe,0,S Aherne,7th,5 1/2 l,6,11-5,-,True,99,48
N/A,N/A,15:25,Soft,2m 4f 65y,One Way Traffic (IRE),P T Enright,0,O McKiernan,6th,7 1/2 l,7,11-12,-,True,99,48
N/A,N/A,15:25,Soft,2m 4f 65y,Midweek Voices (IRE),S O'Callaghan,5,E Doyle,5th,22 l,5,11-12,-,True,99,48
N/A,N/A,15:25,Soft,2m 4f 65y,Paddy's Milestone (IRE),J J Slevin,0,S R B Crawford,4th,3/4 l,5,11-12,-,True,99,48
N/A,N/A,15:25,Soft,2m 4f 65y,Magic Sadler,E Walsh,0,Ciaran Murphy,3rd,1/2 l,6,11-12,-,True,99,48
N/A,N/A,15:25,Soft,2m 4f 65y,Jack Du Large (FR),J W Kennedy,0,G Elliott,2nd,6 1/2 l,5,11-12,-,True,99,48
N/A,N/A,15:25,Soft,2m 4f 65y,Now Is The Hour (IRE),S W Flanagan,0,G P Cromwell,1st,N/A,7,11-12,-,True,99,48
N/A,N/A,15:25,Soft,2m 4f 65y,Our Chezney (IRE),C D Smithers,7,Ms H P Markham,PU,N/A,8,11-12,-,True,99,48
N/A,N/A,15:25,Soft,2m 4f 65y,Time For Tea (IRE),Rachael Blackmore,0,H De Bromhead,PU,N/A,5,11-5,-,True,99,48
N/A,N/A,15:25,Soft,2m 4f 65y,I Owe You One (IRE),Mr A D Bustin,7,C Byrnes,PU,N/A,5,11-12,-,True,99,48
N/A,N/A,15:25,Soft,2m 4f 65y,Killeavy Rose (IRE),P Byrnes,5,C Byrnes,PU,N/A,6,11-5,-,True,99,48
N/A,N/A,15:25,Soft,2m 4f 65y,French Hill (IRE),D King,3,D Hogan,10th,74 l,5,11-5,-,True,99,48
N/A,N/A,15:25,Soft,2m 4f 65y,Snow Punt (IRE),D J O'Keeffe,0,Brendan Walsh,9th,1/2 l,7,11-12,-,True,99,48
N/A,N/A,15:25,Soft,2m 4f 65y,Good Lad (IRE),J S McGarvey,0,J J Hanlon,8th,35 l,5,11-12,-,True,99,48
N/A,N/A,15:25,Soft,2m 4f 65y,Only A Dollar (IRE),S F O'Keeffe,0,S Aherne,7th,5 1/2 l,6,11-5,-,True,99,48
N/A,N/A,15:25,Soft,2m 4f 65y,One Way Traffic (IRE),P T Enright,0,O McKiernan,6th,7 1/2 l,7,11-12,-,True,99,48
N/A,N/A,15:25,Soft,2m 4f 65y,Midweek Voices (IRE),S O'Callaghan,5,E Doyle,5th,22 l,5,11-12,-,True,99,48
N/A,N/A,15:25,Soft,2m 4f 65y,Paddy's Milestone (IRE),J J Slevin,0,S R B Crawford,4th,3/4 l,5,11-12,-,True,99,48
N/A,N/A,15:25,Soft,2m 4f 65y,Magic Sadler,E Walsh,0,Ciaran Murphy,3rd,1/2 l,6,11-12,-,True,99,48
N/A,N/A,15:25,Soft,2m 4f 65y,Jack Du Large (FR),J W Kennedy,0,G Elliott,2nd,6 1/2 l,5,11-12,-,True,99,48
N/A,N/A,15:25,Soft,2m 4f 65y,Now Is The Hour (IRE),S W Flanagan,0,G P Cromwell,1st,N/A,7,11-12,-,True,99,48
N/A,N/A,15:58,Soft,3m,Smackwater Jack (IRE),Eoin G Kelly,0,Mrs D Foster,PU,N/A,10,11-12,111,True,99,49
N/A,N/A,15:58,Soft,3m,Balkito (FR),J G Gilligan,4,B Connell,PU,N/A,9,11-7tp1,106,True,99,49
N/A,N/A,15:58,Soft,3m,Another Nightmare (IRE),Shane Fenelon,4,J J Hanlon,PU,N/A,6,10-11,96,True,99,49
N/A,N/A,15:58,Soft,3m,Mighty Oak Lad (IRE),D J Gilligan,0,K Thornton,PU,N/A,6,11-2,101,True,99,49
N/A,N/A,15:58,Soft,3m,Mighty Mo Missouri (IRE),C D Smithers,4,Mrs J Harrington,PU,N/A,5,12-0tv1,113,True,99,49
N/A,N/A,15:58,Soft,3m,Wild Hunt,D King,0,D Hogan,7th,40 l,7,11-7tp,106,True,99,49
N/A,N/A,15:58,Soft,3m,Sir Bob (IRE),A P Kelly,2,R Tyner,6th,22 l,12,12-0p,113,True,99,49
N/A,N/A,15:58,Soft,3m,Mont Saint Vincent (FR),M M McDonagh,0,E McNamara,5th,9 l,8,11-6,105,True,99,49
N/A,N/A,15:58,Soft,3m,One Big Bang (IRE),M P O'Connor,0,Paul Tobin,4th,6 1/2 l,6,11-2,101,True,99,49
N/A,N/A,15:58,Soft,3m,Givehimthehonour (IRE),L A McKenna,2,P Nolan,3rd,2 1/2 l,6,11-4,103,True,99,49
N/A,N/A,15:58,Soft,3m,Duffys Getaway (IRE),J P O'Sullivan,0,P J Rothwell,2nd,2 1/2 l,7,11-3tp,102,True,99,49
N/A,N/A,15:58,Soft,3m,Jeriko De Baune (FR),Niall Moore,4,P Fenton,1st,N/A,5,11-2,101,True,99,49
N/A,N/A,15:58,Soft,3m,Smackwater Jack (IRE),Eoin G Kelly,0,Mrs D Foster,PU,N/A,10,11-12,111,True,99,49
N/A,N/A,15:58,Soft,3m,Balkito (FR),J G Gilligan,4,B Connell,PU,N/A,9,11-7tp1,106,True,99,49
N/A,N/A,15:58,Soft,3m,Another Nightmare (IRE),Shane Fenelon,4,J J Hanlon,PU,N/A,6,10-11,96,True,99,49
N/A,N/A,15:58,Soft,3m,Mighty Oak Lad (IRE),D J Gilligan,0,K Thornton,PU,N/A,6,11-2,101,True,99,49
N/A,N/A,15:58,Soft,3m,Mighty Mo Missouri (IRE),C D Smithers,4,Mrs J Harrington,PU,N/A,5,12-0tv1,113,True,99,49
N/A,N/A,15:58,Soft,3m,Wild Hunt,D King,0,D Hogan,7th,40 l,7,11-7tp,106,True,99,49
N/A,N/A,15:58,Soft,3m,Sir Bob (IRE),A P Kelly,2,R Tyner,6th,22 l,12,12-0p,113,True,99,49
N/A,N/A,15:58,Soft,3m,Mont Saint Vincent (FR),M M McDonagh,0,E McNamara,5th,9 l,8,11-6,105,True,99,49
N/A,N/A,15:58,Soft,3m,One Big Bang (IRE),M P O'Connor,0,Paul Tobin,4th,6 1/2 l,6,11-2,101,True,99,49
N/A,N/A,15:58,Soft,3m,Givehimthehonour (IRE),L A McKenna,2,P Nolan,3rd,2 1/2 l,6,11-4,103,True,99,49
N/A,N/A,15:58,Soft,3m,Duffys Getaway (IRE),J P O'Sullivan,0,P J Rothwell,2nd,2 1/2 l,7,11-3tp,102,True,99,49
N/A,N/A,15:58,Soft,3m,Jeriko De Baune (FR),Niall Moore,4,P Fenton,1st,N/A,5,11-2,101,True,99,49
N/A,N/A,16:28,Soft  Flat (Turf),2m,Machismo (IRE),Mr H C Swan,5,G Elliott,NR,N/A,5,12-0,-,True,99,50
N/A,N/A,16:28,Soft  Flat (Turf),2m,D Journey Man (IRE),Mr Paddy Hanlon,7,J J Hanlon,10th,73 l,5,12-0,-,True,99,50
N/A,N/A,16:28,Soft  Flat (Turf),2m,He's Gorgeous (IRE),Mr F Maguire,0,P A Fahy,9th,7 l,5,12-0,-,True,99,50
N/A,N/A,16:28,Soft  Flat (Turf),2m,Seskin Flash (IRE),Mr A P Ryan,7,P Carey,8th,19 l,5,12-0,-,True,99,50
N/A,N/A,16:28,Soft  Flat (Turf),2m,Dairy Force (IRE),Mr S Cavanagh,7,A Mullins,7th,2 3/4 l,5,12-0,-,True,99,50
N/A,N/A,16:28,Soft  Flat (Turf),2m,Shraheen (IRE),Mr E P O'Brien,5,P Fenton,6th,18 l,5,12-0,-,True,99,50
N/A,N/A,16:28,Soft  Flat (Turf),2m,Coral River (IRE),Mr C Mullins,7,T Mullins,5th,8 l,5,12-0,-,True,99,50
N/A,N/A,16:28,Soft  Flat (Turf),2m,Nowwhatdoyouthink (IRE),Mr J W Hendrick,7,P Nolan,4th,3/4 l,5,12-0,-,True,99,50
N/A,N/A,16:28,Soft  Flat (Turf),2m,Lieber Nicc (IRE),Mr J L Gleeson,5,H De Bromhead,3rd,5 l,5,12-0,-,True,99,50
N/A,N/A,16:28,Soft  Flat (Turf),2m,Born Braver (IRE),Mr D G Lavery,0,G P Cromwell,2nd,7 l,6,12-0,-,True,99,50
N/A,N/A,16:28,Soft  Flat (Turf),2m,Argento Boy (IRE),Miss J Townend,0,W P Mullins,1st,N/A,5,12-0,-,True,99,50
N/A,N/A,16:28,Soft  Flat (Turf),2m,Machismo (IRE),Mr H C Swan,5,G Elliott,NR,N/A,5,12-0,-,True,99,50
N/A,N/A,16:28,Soft  Flat (Turf),2m,D Journey Man (IRE),Mr Paddy Hanlon,7,J J Hanlon,10th,73 l,5,12-0,-,True,99,50
N/A,N/A,16:28,Soft  Flat (Turf),2m,He's Gorgeous (IRE),Mr F Maguire,0,P A Fahy,9th,7 l,5,12-0,-,True,99,50
N/A,N/A,16:28,Soft  Flat (Turf),2m,Seskin Flash (IRE),Mr A P Ryan,7,P Carey,8th,19 l,5,12-0,-,True,99,50
N/A,N/A,16:28,Soft  Flat (Turf),2m,Dairy Force (IRE),Mr S Cavanagh,7,A Mullins,7th,2 3/4 l,5,12-0,-,True,99,50
N/A,N/A,16:28,Soft  Flat (Turf),2m,Shraheen (IRE),Mr E P O'Brien,5,P Fenton,6th,18 l,5,12-0,-,True,99,50
N/A,N/A,16:28,Soft  Flat (Turf),2m,Coral River (IRE),Mr C Mullins,7,T Mullins,5th,8 l,5,12-0,-,True,99,50
N/A,N/A,16:28,Soft  Flat (Turf),2m,Nowwhatdoyouthink (IRE),Mr J W Hendrick,7,P Nolan,4th,3/4 l,5,12-0,-,True,99,50
N/A,N/A,16:28,Soft  Flat (Turf),2m,Lieber Nicc (IRE),Mr J L Gleeson,5,H De Bromhead,3rd,5 l,5,12-0,-,True,99,50
N/A,N/A,16:28,Soft  Flat (Turf),2m,Born Braver (IRE),Mr D G Lavery,0,G P Cromwell,2nd,7 l,6,12-0,-,True,99,50
N/A,N/A,16:28,Soft  Flat (Turf),2m,Argento Boy (IRE),Miss J Townend,0,W P Mullins,1st,N/A,5,12-0,-,True,99,50
